1.262459034380812029e-01 1.799260566174251119e-01 5.892142256413589185e-02
1.262459034380812029e-01 1.799260566174251119e-01 5.892142256413589185e-02
1.262459034380812029e-01 1.799260566174251119e-01 5.892142256413589185e-02
7.239209945073565855e-02 8.021917311881043844e-02 1.152554688344012250e-02
7.239209945073565855e-02 8.021917311881043844e-02 1.152554688344012250e-02
7.239209945073565855e-02 8.021917311881043844e-02 1.152554688344012250e-02
1.080715087008060488e-01 1.948771037980423851e-02 8.197251633101612645e-02
1.080715087008060488e-01 1.948771037980423851e-02 8.197251633101612645e-02
1.080715087008060488e-01 1.948771037980423851e-02 8.197251633101612645e-02
1.619253126881516069e-01 1.191945938784189085e-01 1.293683920117119079e-01
1.619253126881516069e-01 1.191945938784189085e-01 1.293683920117119079e-01
1.619253126881516069e-01 1.191945938784189085e-01 1.293683920117119079e-01
1.759125900340762216e-01 5.323470158251236012e-02 1.131138809631949127e-01
1.759125900340762216e-01 5.323470158251236012e-02 1.131138809631949127e-01
1.759125900340762216e-01 5.323470158251236012e-02 1.131138809631949127e-01
9.408423135488143407e-02 1.529415850811270128e-01 9.822702737953313556e-02
9.408423135488143407e-02 1.529415850811270128e-01 9.822702737953313556e-02
9.408423135488143407e-02 1.529415850811270128e-01 9.822702737953313556e-02
5.840482210481104386e-02 1.461790654147170077e-01 2.778005793195712642e-02
5.840482210481104386e-02 1.461790654147170077e-01 2.778005793195712642e-02
5.840482210481104386e-02 1.461790654147170077e-01 2.778005793195712642e-02
1.402331807840058175e-01 4.647218191610231336e-02 4.266691151561888967e-02
1.402331807840058175e-01 4.647218191610231336e-02 4.266691151561888967e-02
1.402331807840058175e-01 4.647218191610231336e-02 4.266691151561888967e-02
1.830099419492627610e-01 1.088817115043901884e-01 8.468740163958682343e-02
1.830099419492627610e-01 1.088817115043901884e-01 8.468740163958682343e-02
1.830099419492627610e-01 1.088817115043901884e-01 8.468740163958682343e-02
8.698687943969490854e-02 9.174828005775525347e-03 1.266535067031412110e-01
8.698687943969490854e-02 9.174828005775525347e-03 1.266535067031412110e-01
8.698687943969490854e-02 9.174828005775525347e-03 1.266535067031412110e-01
5.130747018962451139e-02 9.053205549283914466e-02 5.620653725556520874e-02
5.130747018962451139e-02 9.053205549283914466e-02 5.620653725556520874e-02
5.130747018962451139e-02 9.053205549283914466e-02 5.620653725556520874e-02
1.473305326991923292e-01 1.902389389914538320e-01 1.424043219201080561e-02
1.473305326991923292e-01 1.902389389914538320e-01 1.424043219201080561e-02
1.473305326991923292e-01 1.902389389914538320e-01 1.424043219201080561e-02
