6.312295171904060143e-02 8.996302830871255596e-02 5.892142256413589185e-02
6.312295171904060143e-02 8.996302830871255596e-02 5.892142256413589185e-02
6.312295171904060143e-02 8.996302830871255596e-02 5.892142256413589185e-02
3.619604972536782928e-02 4.010958655940521922e-02 1.152554688344012250e-02
3.619604972536782928e-02 4.010958655940521922e-02 1.152554688344012250e-02
3.619604972536782928e-02 4.010958655940521922e-02 1.152554688344012250e-02
5.403575435040302438e-02 9.743855189902119254e-03 8.197251633101612645e-02
5.403575435040302438e-02 9.743855189902119254e-03 8.197251633101612645e-02
5.403575435040302438e-02 9.743855189902119254e-03 8.197251633101612645e-02
8.096265634407580347e-02 5.959729693920945426e-02 1.293683920117119079e-01
8.096265634407580347e-02 5.959729693920945426e-02 1.293683920117119079e-01
8.096265634407580347e-02 5.959729693920945426e-02 1.293683920117119079e-01
8.795629501703811082e-02 2.661735079125618006e-02 1.131138809631949127e-01
8.795629501703811082e-02 2.661735079125618006e-02 1.131138809631949127e-01
8.795629501703811082e-02 2.661735079125618006e-02 1.131138809631949127e-01
4.704211567744071704e-02 7.647079254056350639e-02 9.822702737953313556e-02
4.704211567744071704e-02 7.647079254056350639e-02 9.822702737953313556e-02
4.704211567744071704e-02 7.647079254056350639e-02 9.822702737953313556e-02
2.920241105240552193e-02 7.308953270735850383e-02 2.778005793195712642e-02
2.920241105240552193e-02 7.308953270735850383e-02 2.778005793195712642e-02
2.920241105240552193e-02 7.308953270735850383e-02 2.778005793195712642e-02
7.011659039200290877e-02 2.323609095805115668e-02 4.266691151561888967e-02
7.011659039200290877e-02 2.323609095805115668e-02 4.266691151561888967e-02
7.011659039200290877e-02 2.323609095805115668e-02 4.266691151561888967e-02
9.150497097463138052e-02 5.444085575219509421e-02 8.468740163958682343e-02
9.150497097463138052e-02 5.444085575219509421e-02 8.468740163958682343e-02
9.150497097463138052e-02 5.444085575219509421e-02 8.468740163958682343e-02
4.349343971984745427e-02 4.587414002887762673e-03 1.266535067031412110e-01
4.349343971984745427e-02 4.587414002887762673e-03 1.266535067031412110e-01
4.349343971984745427e-02 4.587414002887762673e-03 1.266535067031412110e-01
2.565373509481225570e-02 4.526602774641957233e-02 5.620653725556520874e-02
2.565373509481225570e-02 4.526602774641957233e-02 5.620653725556520874e-02
2.565373509481225570e-02 4.526602774641957233e-02 5.620653725556520874e-02
7.366526634959616460e-02 9.511946949572691601e-02 1.424043219201080561e-02
7.366526634959616460e-02 9.511946949572691601e-02 1.424043219201080561e-02
7.366526634959616460e-02 9.511946949572691601e-02 1.424043219201080561e-02
6.312295171904060143e-02 8.996302830871255596e-02 1.058921422564135906e+00
6.312295171904060143e-02 8.996302830871255596e-02 1.058921422564135906e+00
6.312295171904060143e-02 8.996302830871255596e-02 1.058921422564135906e+00
3.619604972536782928e-02 4.010958655940521922e-02 1.011525546883440096e+00
3.619604972536782928e-02 4.010958655940521922e-02 1.011525546883440096e+00
3.619604972536782928e-02 4.010958655940521922e-02 1.011525546883440096e+00
5.403575435040302438e-02 9.743855189902119254e-03 1.081972516331016099e+00
5.403575435040302438e-02 9.743855189902119254e-03 1.081972516331016099e+00
5.403575435040302438e-02 9.743855189902119254e-03 1.081972516331016099e+00
8.096265634407580347e-02 5.959729693920945426e-02 1.129368392011711908e+00
8.096265634407580347e-02 5.959729693920945426e-02 1.129368392011711908e+00
8.096265634407580347e-02 5.959729693920945426e-02 1.129368392011711908e+00
8.795629501703811082e-02 2.661735079125618006e-02 1.113113880963194857e+00
8.795629501703811082e-02 2.661735079125618006e-02 1.113113880963194857e+00
8.795629501703811082e-02 2.661735079125618006e-02 1.113113880963194857e+00
4.704211567744071704e-02 7.647079254056350639e-02 1.098227027379533149e+00
4.704211567744071704e-02 7.647079254056350639e-02 1.098227027379533149e+00
4.704211567744071704e-02 7.647079254056350639e-02 1.098227027379533149e+00
2.920241105240552193e-02 7.308953270735850383e-02 1.027780057931957147e+00
2.920241105240552193e-02 7.308953270735850383e-02 1.027780057931957147e+00
2.920241105240552193e-02 7.308953270735850383e-02 1.027780057931957147e+00
7.011659039200290877e-02 2.323609095805115668e-02 1.042666911515618855e+00
7.011659039200290877e-02 2.323609095805115668e-02 1.042666911515618855e+00
7.011659039200290877e-02 2.323609095805115668e-02 1.042666911515618855e+00
9.150497097463138052e-02 5.444085575219509421e-02 1.084687401639586879e+00
9.150497097463138052e-02 5.444085575219509421e-02 1.084687401639586879e+00
9.150497097463138052e-02 5.444085575219509421e-02 1.084687401639586879e+00
4.349343971984745427e-02 4.587414002887762673e-03 1.126653506703141128e+00
4.349343971984745427e-02 4.587414002887762673e-03 1.126653506703141128e+00
4.349343971984745427e-02 4.587414002887762673e-03 1.126653506703141128e+00
2.565373509481225570e-02 4.526602774641957233e-02 1.056206537255565125e+00
2.565373509481225570e-02 4.526602774641957233e-02 1.056206537255565125e+00
2.565373509481225570e-02 4.526602774641957233e-02 1.056206537255565125e+00
7.366526634959616460e-02 9.511946949572691601e-02 1.014240432192010877e+00
7.366526634959616460e-02 9.511946949572691601e-02 1.014240432192010877e+00
7.366526634959616460e-02 9.511946949572691601e-02 1.014240432192010877e+00
6.312295171904060143e-02 5.899630283087125004e-01 5.892142256413589185e-02
6.312295171904060143e-02 5.899630283087125004e-01 5.892142256413589185e-02
6.312295171904060143e-02 5.899630283087125004e-01 5.892142256413589185e-02
3.619604972536782928e-02 5.401095865594052192e-01 1.152554688344012250e-02
3.619604972536782928e-02 5.401095865594052192e-01 1.152554688344012250e-02
3.619604972536782928e-02 5.401095865594052192e-01 1.152554688344012250e-02
5.403575435040302438e-02 5.097438551899021730e-01 8.197251633101612645e-02
5.403575435040302438e-02 5.097438551899021730e-01 8.197251633101612645e-02
5.403575435040302438e-02 5.097438551899021730e-01 8.197251633101612645e-02
8.096265634407580347e-02 5.595972969392094543e-01 1.293683920117119079e-01
8.096265634407580347e-02 5.595972969392094543e-01 1.293683920117119079e-01
8.096265634407580347e-02 5.595972969392094543e-01 1.293683920117119079e-01
8.795629501703811082e-02 5.266173507912561558e-01 1.131138809631949127e-01
8.795629501703811082e-02 5.266173507912561558e-01 1.131138809631949127e-01
8.795629501703811082e-02 5.266173507912561558e-01 1.131138809631949127e-01
4.704211567744071704e-02 5.764707925405635480e-01 9.822702737953313556e-02
4.704211567744071704e-02 5.764707925405635480e-01 9.822702737953313556e-02
4.704211567744071704e-02 5.764707925405635480e-01 9.822702737953313556e-02
2.920241105240552193e-02 5.730895327073585177e-01 2.778005793195712642e-02
2.920241105240552193e-02 5.730895327073585177e-01 2.778005793195712642e-02
2.920241105240552193e-02 5.730895327073585177e-01 2.778005793195712642e-02
7.011659039200290877e-02 5.232360909580511255e-01 4.266691151561888967e-02
7.011659039200290877e-02 5.232360909580511255e-01 4.266691151561888967e-02
7.011659039200290877e-02 5.232360909580511255e-01 4.266691151561888967e-02
9.150497097463138052e-02 5.544408557521951497e-01 8.468740163958682343e-02
9.150497097463138052e-02 5.544408557521951497e-01 8.468740163958682343e-02
9.150497097463138052e-02 5.544408557521951497e-01 8.468740163958682343e-02
4.349343971984745427e-02 5.045874140028877575e-01 1.266535067031412110e-01
4.349343971984745427e-02 5.045874140028877575e-01 1.266535067031412110e-01
4.349343971984745427e-02 5.045874140028877575e-01 1.266535067031412110e-01
2.565373509481225570e-02 5.452660277464195238e-01 5.620653725556520874e-02
2.565373509481225570e-02 5.452660277464195238e-01 5.620653725556520874e-02
2.565373509481225570e-02 5.452660277464195238e-01 5.620653725556520874e-02
7.366526634959616460e-02 5.951194694957269160e-01 1.424043219201080561e-02
7.366526634959616460e-02 5.951194694957269160e-01 1.424043219201080561e-02
7.366526634959616460e-02 5.951194694957269160e-01 1.424043219201080561e-02
6.312295171904060143e-02 5.899630283087125004e-01 1.058921422564135906e+00
6.312295171904060143e-02 5.899630283087125004e-01 1.058921422564135906e+00
6.312295171904060143e-02 5.899630283087125004e-01 1.058921422564135906e+00
3.619604972536782928e-02 5.401095865594052192e-01 1.011525546883440096e+00
3.619604972536782928e-02 5.401095865594052192e-01 1.011525546883440096e+00
3.619604972536782928e-02 5.401095865594052192e-01 1.011525546883440096e+00
5.403575435040302438e-02 5.097438551899021730e-01 1.081972516331016099e+00
5.403575435040302438e-02 5.097438551899021730e-01 1.081972516331016099e+00
5.403575435040302438e-02 5.097438551899021730e-01 1.081972516331016099e+00
8.096265634407580347e-02 5.595972969392094543e-01 1.129368392011711908e+00
8.096265634407580347e-02 5.595972969392094543e-01 1.129368392011711908e+00
8.096265634407580347e-02 5.595972969392094543e-01 1.129368392011711908e+00
8.795629501703811082e-02 5.266173507912561558e-01 1.113113880963194857e+00
8.795629501703811082e-02 5.266173507912561558e-01 1.113113880963194857e+00
8.795629501703811082e-02 5.266173507912561558e-01 1.113113880963194857e+00
4.704211567744071704e-02 5.764707925405635480e-01 1.098227027379533149e+00
4.704211567744071704e-02 5.764707925405635480e-01 1.098227027379533149e+00
4.704211567744071704e-02 5.764707925405635480e-01 1.098227027379533149e+00
2.920241105240552193e-02 5.730895327073585177e-01 1.027780057931957147e+00
2.920241105240552193e-02 5.730895327073585177e-01 1.027780057931957147e+00
2.920241105240552193e-02 5.730895327073585177e-01 1.027780057931957147e+00
7.011659039200290877e-02 5.232360909580511255e-01 1.042666911515618855e+00
7.011659039200290877e-02 5.232360909580511255e-01 1.042666911515618855e+00
7.011659039200290877e-02 5.232360909580511255e-01 1.042666911515618855e+00
9.150497097463138052e-02 5.544408557521951497e-01 1.084687401639586879e+00
9.150497097463138052e-02 5.544408557521951497e-01 1.084687401639586879e+00
9.150497097463138052e-02 5.544408557521951497e-01 1.084687401639586879e+00
4.349343971984745427e-02 5.045874140028877575e-01 1.126653506703141128e+00
4.349343971984745427e-02 5.045874140028877575e-01 1.126653506703141128e+00
4.349343971984745427e-02 5.045874140028877575e-01 1.126653506703141128e+00
2.565373509481225570e-02 5.452660277464195238e-01 1.056206537255565125e+00
2.565373509481225570e-02 5.452660277464195238e-01 1.056206537255565125e+00
2.565373509481225570e-02 5.452660277464195238e-01 1.056206537255565125e+00
7.366526634959616460e-02 5.951194694957269160e-01 1.014240432192010877e+00
7.366526634959616460e-02 5.951194694957269160e-01 1.014240432192010877e+00
7.366526634959616460e-02 5.951194694957269160e-01 1.014240432192010877e+00
5.631229517190405875e-01 8.996302830871255596e-02 5.892142256413589185e-02
5.631229517190405875e-01 8.996302830871255596e-02 5.892142256413589185e-02
5.631229517190405875e-01 8.996302830871255596e-02 5.892142256413589185e-02
5.361960497253678293e-01 4.010958655940521922e-02 1.152554688344012250e-02
5.361960497253678293e-01 4.010958655940521922e-02 1.152554688344012250e-02
5.361960497253678293e-01 4.010958655940521922e-02 1.152554688344012250e-02
5.540357543504029758e-01 9.743855189902119254e-03 8.197251633101612645e-02
5.540357543504029758e-01 9.743855189902119254e-03 8.197251633101612645e-02
5.540357543504029758e-01 9.743855189902119254e-03 8.197251633101612645e-02
5.809626563440758451e-01 5.959729693920945426e-02 1.293683920117119079e-01
5.809626563440758451e-01 5.959729693920945426e-02 1.293683920117119079e-01
5.809626563440758451e-01 5.959729693920945426e-02 1.293683920117119079e-01
5.879562950170380553e-01 2.661735079125618006e-02 1.131138809631949127e-01
5.879562950170380553e-01 2.661735079125618006e-02 1.131138809631949127e-01
5.879562950170380553e-01 2.661735079125618006e-02 1.131138809631949127e-01
5.470421156774407656e-01 7.647079254056350639e-02 9.822702737953313556e-02
5.470421156774407656e-01 7.647079254056350639e-02 9.822702737953313556e-02
5.470421156774407656e-01 7.647079254056350639e-02 9.822702737953313556e-02
5.292024110524055081e-01 7.308953270735850383e-02 2.778005793195712642e-02
5.292024110524055081e-01 7.308953270735850383e-02 2.778005793195712642e-02
5.292024110524055081e-01 7.308953270735850383e-02 2.778005793195712642e-02
5.701165903920029088e-01 2.323609095805115668e-02 4.266691151561888967e-02
5.701165903920029088e-01 2.323609095805115668e-02 4.266691151561888967e-02
5.701165903920029088e-01 2.323609095805115668e-02 4.266691151561888967e-02
5.915049709746313944e-01 5.444085575219509421e-02 8.468740163958682343e-02
5.915049709746313944e-01 5.444085575219509421e-02 8.468740163958682343e-02
5.915049709746313944e-01 5.444085575219509421e-02 8.468740163958682343e-02
5.434934397198474265e-01 4.587414002887762673e-03 1.266535067031412110e-01
5.434934397198474265e-01 4.587414002887762673e-03 1.266535067031412110e-01
5.434934397198474265e-01 4.587414002887762673e-03 1.266535067031412110e-01
5.256537350948122800e-01 4.526602774641957233e-02 5.620653725556520874e-02
5.256537350948122800e-01 4.526602774641957233e-02 5.620653725556520874e-02
5.256537350948122800e-01 4.526602774641957233e-02 5.620653725556520874e-02
5.736652663495961368e-01 9.511946949572691601e-02 1.424043219201080561e-02
5.736652663495961368e-01 9.511946949572691601e-02 1.424043219201080561e-02
5.736652663495961368e-01 9.511946949572691601e-02 1.424043219201080561e-02
5.631229517190405875e-01 8.996302830871255596e-02 1.058921422564135906e+00
5.631229517190405875e-01 8.996302830871255596e-02 1.058921422564135906e+00
5.631229517190405875e-01 8.996302830871255596e-02 1.058921422564135906e+00
5.361960497253678293e-01 4.010958655940521922e-02 1.011525546883440096e+00
5.361960497253678293e-01 4.010958655940521922e-02 1.011525546883440096e+00
5.361960497253678293e-01 4.010958655940521922e-02 1.011525546883440096e+00
5.540357543504029758e-01 9.743855189902119254e-03 1.081972516331016099e+00
5.540357543504029758e-01 9.743855189902119254e-03 1.081972516331016099e+00
5.540357543504029758e-01 9.743855189902119254e-03 1.081972516331016099e+00
5.809626563440758451e-01 5.959729693920945426e-02 1.129368392011711908e+00
5.809626563440758451e-01 5.959729693920945426e-02 1.129368392011711908e+00
5.809626563440758451e-01 5.959729693920945426e-02 1.129368392011711908e+00
5.879562950170380553e-01 2.661735079125618006e-02 1.113113880963194857e+00
5.879562950170380553e-01 2.661735079125618006e-02 1.113113880963194857e+00
5.879562950170380553e-01 2.661735079125618006e-02 1.113113880963194857e+00
5.470421156774407656e-01 7.647079254056350639e-02 1.098227027379533149e+00
5.470421156774407656e-01 7.647079254056350639e-02 1.098227027379533149e+00
5.470421156774407656e-01 7.647079254056350639e-02 1.098227027379533149e+00
5.292024110524055081e-01 7.308953270735850383e-02 1.027780057931957147e+00
5.292024110524055081e-01 7.308953270735850383e-02 1.027780057931957147e+00
5.292024110524055081e-01 7.308953270735850383e-02 1.027780057931957147e+00
5.701165903920029088e-01 2.323609095805115668e-02 1.042666911515618855e+00
5.701165903920029088e-01 2.323609095805115668e-02 1.042666911515618855e+00
5.701165903920029088e-01 2.323609095805115668e-02 1.042666911515618855e+00
5.915049709746313944e-01 5.444085575219509421e-02 1.084687401639586879e+00
5.915049709746313944e-01 5.444085575219509421e-02 1.084687401639586879e+00
5.915049709746313944e-01 5.444085575219509421e-02 1.084687401639586879e+00
5.434934397198474265e-01 4.587414002887762673e-03 1.126653506703141128e+00
5.434934397198474265e-01 4.587414002887762673e-03 1.126653506703141128e+00
5.434934397198474265e-01 4.587414002887762673e-03 1.126653506703141128e+00
5.256537350948122800e-01 4.526602774641957233e-02 1.056206537255565125e+00
5.256537350948122800e-01 4.526602774641957233e-02 1.056206537255565125e+00
5.256537350948122800e-01 4.526602774641957233e-02 1.056206537255565125e+00
5.736652663495961368e-01 9.511946949572691601e-02 1.014240432192010877e+00
5.736652663495961368e-01 9.511946949572691601e-02 1.014240432192010877e+00
5.736652663495961368e-01 9.511946949572691601e-02 1.014240432192010877e+00
5.631229517190405875e-01 5.899630283087125004e-01 5.892142256413589185e-02
5.631229517190405875e-01 5.899630283087125004e-01 5.892142256413589185e-02
5.631229517190405875e-01 5.899630283087125004e-01 5.892142256413589185e-02
5.361960497253678293e-01 5.401095865594052192e-01 1.152554688344012250e-02
5.361960497253678293e-01 5.401095865594052192e-01 1.152554688344012250e-02
5.361960497253678293e-01 5.401095865594052192e-01 1.152554688344012250e-02
5.540357543504029758e-01 5.097438551899021730e-01 8.197251633101612645e-02
5.540357543504029758e-01 5.097438551899021730e-01 8.197251633101612645e-02
5.540357543504029758e-01 5.097438551899021730e-01 8.197251633101612645e-02
5.809626563440758451e-01 5.595972969392094543e-01 1.293683920117119079e-01
5.809626563440758451e-01 5.595972969392094543e-01 1.293683920117119079e-01
5.809626563440758451e-01 5.595972969392094543e-01 1.293683920117119079e-01
5.879562950170380553e-01 5.266173507912561558e-01 1.131138809631949127e-01
5.879562950170380553e-01 5.266173507912561558e-01 1.131138809631949127e-01
5.879562950170380553e-01 5.266173507912561558e-01 1.131138809631949127e-01
5.470421156774407656e-01 5.764707925405635480e-01 9.822702737953313556e-02
5.470421156774407656e-01 5.764707925405635480e-01 9.822702737953313556e-02
5.470421156774407656e-01 5.764707925405635480e-01 9.822702737953313556e-02
5.292024110524055081e-01 5.730895327073585177e-01 2.778005793195712642e-02
5.292024110524055081e-01 5.730895327073585177e-01 2.778005793195712642e-02
5.292024110524055081e-01 5.730895327073585177e-01 2.778005793195712642e-02
5.701165903920029088e-01 5.232360909580511255e-01 4.266691151561888967e-02
5.701165903920029088e-01 5.232360909580511255e-01 4.266691151561888967e-02
5.701165903920029088e-01 5.232360909580511255e-01 4.266691151561888967e-02
5.915049709746313944e-01 5.544408557521951497e-01 8.468740163958682343e-02
5.915049709746313944e-01 5.544408557521951497e-01 8.468740163958682343e-02
5.915049709746313944e-01 5.544408557521951497e-01 8.468740163958682343e-02
5.434934397198474265e-01 5.045874140028877575e-01 1.266535067031412110e-01
5.434934397198474265e-01 5.045874140028877575e-01 1.266535067031412110e-01
5.434934397198474265e-01 5.045874140028877575e-01 1.266535067031412110e-01
5.256537350948122800e-01 5.452660277464195238e-01 5.620653725556520874e-02
5.256537350948122800e-01 5.452660277464195238e-01 5.620653725556520874e-02
5.256537350948122800e-01 5.452660277464195238e-01 5.620653725556520874e-02
5.736652663495961368e-01 5.951194694957269160e-01 1.424043219201080561e-02
5.736652663495961368e-01 5.951194694957269160e-01 1.424043219201080561e-02
5.736652663495961368e-01 5.951194694957269160e-01 1.424043219201080561e-02
5.631229517190405875e-01 5.899630283087125004e-01 1.058921422564135906e+00
5.631229517190405875e-01 5.899630283087125004e-01 1.058921422564135906e+00
5.631229517190405875e-01 5.899630283087125004e-01 1.058921422564135906e+00
5.361960497253678293e-01 5.401095865594052192e-01 1.011525546883440096e+00
5.361960497253678293e-01 5.401095865594052192e-01 1.011525546883440096e+00
5.361960497253678293e-01 5.401095865594052192e-01 1.011525546883440096e+00
5.540357543504029758e-01 5.097438551899021730e-01 1.081972516331016099e+00
5.540357543504029758e-01 5.097438551899021730e-01 1.081972516331016099e+00
5.540357543504029758e-01 5.097438551899021730e-01 1.081972516331016099e+00
5.809626563440758451e-01 5.595972969392094543e-01 1.129368392011711908e+00
5.809626563440758451e-01 5.595972969392094543e-01 1.129368392011711908e+00
5.809626563440758451e-01 5.595972969392094543e-01 1.129368392011711908e+00
5.879562950170380553e-01 5.266173507912561558e-01 1.113113880963194857e+00
5.879562950170380553e-01 5.266173507912561558e-01 1.113113880963194857e+00
5.879562950170380553e-01 5.266173507912561558e-01 1.113113880963194857e+00
5.470421156774407656e-01 5.764707925405635480e-01 1.098227027379533149e+00
5.470421156774407656e-01 5.764707925405635480e-01 1.098227027379533149e+00
5.470421156774407656e-01 5.764707925405635480e-01 1.098227027379533149e+00
5.292024110524055081e-01 5.730895327073585177e-01 1.027780057931957147e+00
5.292024110524055081e-01 5.730895327073585177e-01 1.027780057931957147e+00
5.292024110524055081e-01 5.730895327073585177e-01 1.027780057931957147e+00
5.701165903920029088e-01 5.232360909580511255e-01 1.042666911515618855e+00
5.701165903920029088e-01 5.232360909580511255e-01 1.042666911515618855e+00
5.701165903920029088e-01 5.232360909580511255e-01 1.042666911515618855e+00
5.915049709746313944e-01 5.544408557521951497e-01 1.084687401639586879e+00
5.915049709746313944e-01 5.544408557521951497e-01 1.084687401639586879e+00
5.915049709746313944e-01 5.544408557521951497e-01 1.084687401639586879e+00
5.434934397198474265e-01 5.045874140028877575e-01 1.126653506703141128e+00
5.434934397198474265e-01 5.045874140028877575e-01 1.126653506703141128e+00
5.434934397198474265e-01 5.045874140028877575e-01 1.126653506703141128e+00
5.256537350948122800e-01 5.452660277464195238e-01 1.056206537255565125e+00
5.256537350948122800e-01 5.452660277464195238e-01 1.056206537255565125e+00
5.256537350948122800e-01 5.452660277464195238e-01 1.056206537255565125e+00
5.736652663495961368e-01 5.951194694957269160e-01 1.014240432192010877e+00
5.736652663495961368e-01 5.951194694957269160e-01 1.014240432192010877e+00
5.736652663495961368e-01 5.951194694957269160e-01 1.014240432192010877e+00
