5.915847227926692709e-01 9.022747553073733329e-01 4.181970802498473083e-01
5.915847227926692709e-01 9.022747553073733329e-01 4.181970802498473083e-01
5.915847227926692709e-01 9.022747553073733329e-01 4.181970802498473083e-01
4.084153495563960234e-01 4.022747191625870578e-01 8.180295589077070384e-02
4.084153495563960234e-01 4.022747191625870578e-01 8.180295589077070384e-02
4.084153495563960234e-01 4.022747191625870578e-01 8.180295589077070384e-02
4.084153495429918013e-01 9.772531710456996978e-02 5.818029921178486941e-01
4.084153495429918013e-01 9.772531710456996978e-02 5.818029921178486941e-01
4.084153495429918013e-01 9.772531710456996978e-02 5.818029921178486941e-01
5.915847228792651125e-01 5.977253532493561616e-01 9.181971164769252569e-01
5.915847228792651125e-01 5.977253532493561616e-01 9.181971164769252569e-01
5.915847228792651125e-01 5.977253532493561616e-01 9.181971164769252569e-01
7.279374826621987093e-01 2.669563993131555679e-01 8.028296480926065959e-01
7.279374826621987093e-01 2.669563993131555679e-01 8.028296480926065959e-01
7.279374826621987093e-01 2.669563993131555679e-01 8.028296480926065959e-01
2.720625897600584264e-01 7.669564355803125677e-01 6.971704605021674661e-01
2.720625897600584264e-01 7.669564355803125677e-01 6.971704605021674661e-01
2.720625897600584264e-01 7.669564355803125677e-01 6.971704605021674661e-01
2.720625896734624738e-01 7.330436730987875960e-01 1.971704242750894065e-01
2.720625896734624738e-01 7.330436730987875960e-01 1.971704242750894065e-01
2.720625896734624738e-01 7.330436730987875960e-01 1.971704242750894065e-01
7.279374827193922926e-01 2.330436368316306517e-01 3.028296119519885976e-01
7.279374827193922926e-01 2.330436368316306517e-01 3.028296119519885976e-01
7.279374827193922926e-01 2.330436368316306517e-01 3.028296119519885976e-01
8.598394922581739097e-01 5.460093395762370960e-01 6.010717635309855700e-01
8.598394922581739097e-01 5.460093395762370960e-01 6.010717635309855700e-01
8.598394922581739097e-01 5.460093395762370960e-01 6.010717635309855700e-01
1.401605801640832261e-01 4.600930330908006155e-02 8.989283450637884920e-01
1.401605801640832261e-01 4.600930330908006155e-02 8.989283450637884920e-01
1.401605801640832261e-01 4.600930330908006155e-02 8.989283450637884920e-01
1.401605801212768843e-01 4.539907328357061234e-01 3.989283089231704937e-01
1.401605801212768843e-01 4.539907328357061234e-01 3.989283089231704937e-01
1.401605801212768843e-01 4.539907328357061234e-01 3.989283089231704937e-01
8.598394922715779654e-01 9.539907691028631787e-01 1.010717273039075242e-01
8.598394922715779654e-01 9.539907691028631787e-01 1.010717273039075242e-01
8.598394922715779654e-01 9.539907691028631787e-01 1.010717273039075242e-01
1.591584722792669382e+00 9.022747553073733329e-01 4.181970802498473083e-01
1.591584722792669382e+00 9.022747553073733329e-01 4.181970802498473083e-01
1.591584722792669382e+00 9.022747553073733329e-01 4.181970802498473083e-01
1.408415349556396023e+00 4.022747191625870578e-01 8.180295589077070384e-02
1.408415349556396023e+00 4.022747191625870578e-01 8.180295589077070384e-02
1.408415349556396023e+00 4.022747191625870578e-01 8.180295589077070384e-02
1.408415349542991857e+00 9.772531710456996978e-02 5.818029921178486941e-01
1.408415349542991857e+00 9.772531710456996978e-02 5.818029921178486941e-01
1.408415349542991857e+00 9.772531710456996978e-02 5.818029921178486941e-01
1.591584722879265001e+00 5.977253532493561616e-01 9.181971164769252569e-01
1.591584722879265001e+00 5.977253532493561616e-01 9.181971164769252569e-01
1.591584722879265001e+00 5.977253532493561616e-01 9.181971164769252569e-01
1.727937482662198709e+00 2.669563993131555679e-01 8.028296480926065959e-01
1.727937482662198709e+00 2.669563993131555679e-01 8.028296480926065959e-01
1.727937482662198709e+00 2.669563993131555679e-01 8.028296480926065959e-01
1.272062589760058371e+00 7.669564355803125677e-01 6.971704605021674661e-01
1.272062589760058371e+00 7.669564355803125677e-01 6.971704605021674661e-01
1.272062589760058371e+00 7.669564355803125677e-01 6.971704605021674661e-01
1.272062589673462529e+00 7.330436730987875960e-01 1.971704242750894065e-01
1.272062589673462529e+00 7.330436730987875960e-01 1.971704242750894065e-01
1.272062589673462529e+00 7.330436730987875960e-01 1.971704242750894065e-01
1.727937482719392293e+00 2.330436368316306517e-01 3.028296119519885976e-01
1.727937482719392293e+00 2.330436368316306517e-01 3.028296119519885976e-01
1.727937482719392293e+00 2.330436368316306517e-01 3.028296119519885976e-01
1.859839492258173799e+00 5.460093395762370960e-01 6.010717635309855700e-01
1.859839492258173799e+00 5.460093395762370960e-01 6.010717635309855700e-01
1.859839492258173799e+00 5.460093395762370960e-01 6.010717635309855700e-01
1.140160580164083282e+00 4.600930330908006155e-02 8.989283450637884920e-01
1.140160580164083282e+00 4.600930330908006155e-02 8.989283450637884920e-01
1.140160580164083282e+00 4.600930330908006155e-02 8.989283450637884920e-01
1.140160580121276857e+00 4.539907328357061234e-01 3.989283089231704937e-01
1.140160580121276857e+00 4.539907328357061234e-01 3.989283089231704937e-01
1.140160580121276857e+00 4.539907328357061234e-01 3.989283089231704937e-01
1.859839492271577965e+00 9.539907691028631787e-01 1.010717273039075242e-01
1.859839492271577965e+00 9.539907691028631787e-01 1.010717273039075242e-01
1.859839492271577965e+00 9.539907691028631787e-01 1.010717273039075242e-01
2.591584722792669382e+00 9.022747553073733329e-01 4.181970802498473083e-01
2.591584722792669382e+00 9.022747553073733329e-01 4.181970802498473083e-01
2.591584722792669382e+00 9.022747553073733329e-01 4.181970802498473083e-01
2.408415349556396023e+00 4.022747191625870578e-01 8.180295589077070384e-02
2.408415349556396023e+00 4.022747191625870578e-01 8.180295589077070384e-02
2.408415349556396023e+00 4.022747191625870578e-01 8.180295589077070384e-02
2.408415349542991635e+00 9.772531710456996978e-02 5.818029921178486941e-01
2.408415349542991635e+00 9.772531710456996978e-02 5.818029921178486941e-01
2.408415349542991635e+00 9.772531710456996978e-02 5.818029921178486941e-01
2.591584722879265001e+00 5.977253532493561616e-01 9.181971164769252569e-01
2.591584722879265001e+00 5.977253532493561616e-01 9.181971164769252569e-01
2.591584722879265001e+00 5.977253532493561616e-01 9.181971164769252569e-01
2.727937482662198931e+00 2.669563993131555679e-01 8.028296480926065959e-01
2.727937482662198931e+00 2.669563993131555679e-01 8.028296480926065959e-01
2.727937482662198931e+00 2.669563993131555679e-01 8.028296480926065959e-01
2.272062589760058593e+00 7.669564355803125677e-01 6.971704605021674661e-01
2.272062589760058593e+00 7.669564355803125677e-01 6.971704605021674661e-01
2.272062589760058593e+00 7.669564355803125677e-01 6.971704605021674661e-01
2.272062589673462529e+00 7.330436730987875960e-01 1.971704242750894065e-01
2.272062589673462529e+00 7.330436730987875960e-01 1.971704242750894065e-01
2.272062589673462529e+00 7.330436730987875960e-01 1.971704242750894065e-01
2.727937482719392293e+00 2.330436368316306517e-01 3.028296119519885976e-01
2.727937482719392293e+00 2.330436368316306517e-01 3.028296119519885976e-01
2.727937482719392293e+00 2.330436368316306517e-01 3.028296119519885976e-01
2.859839492258173799e+00 5.460093395762370960e-01 6.010717635309855700e-01
2.859839492258173799e+00 5.460093395762370960e-01 6.010717635309855700e-01
2.859839492258173799e+00 5.460093395762370960e-01 6.010717635309855700e-01
2.140160580164083282e+00 4.600930330908006155e-02 8.989283450637884920e-01
2.140160580164083282e+00 4.600930330908006155e-02 8.989283450637884920e-01
2.140160580164083282e+00 4.600930330908006155e-02 8.989283450637884920e-01
2.140160580121277079e+00 4.539907328357061234e-01 3.989283089231704937e-01
2.140160580121277079e+00 4.539907328357061234e-01 3.989283089231704937e-01
2.140160580121277079e+00 4.539907328357061234e-01 3.989283089231704937e-01
2.859839492271578187e+00 9.539907691028631787e-01 1.010717273039075242e-01
2.859839492271578187e+00 9.539907691028631787e-01 1.010717273039075242e-01
2.859839492271578187e+00 9.539907691028631787e-01 1.010717273039075242e-01
3.591584722792669382e+00 9.022747553073733329e-01 4.181970802498473083e-01
3.591584722792669382e+00 9.022747553073733329e-01 4.181970802498473083e-01
3.591584722792669382e+00 9.022747553073733329e-01 4.181970802498473083e-01
3.408415349556396023e+00 4.022747191625870578e-01 8.180295589077070384e-02
3.408415349556396023e+00 4.022747191625870578e-01 8.180295589077070384e-02
3.408415349556396023e+00 4.022747191625870578e-01 8.180295589077070384e-02
3.408415349542991635e+00 9.772531710456996978e-02 5.818029921178486941e-01
3.408415349542991635e+00 9.772531710456996978e-02 5.818029921178486941e-01
3.408415349542991635e+00 9.772531710456996978e-02 5.818029921178486941e-01
3.591584722879265001e+00 5.977253532493561616e-01 9.181971164769252569e-01
3.591584722879265001e+00 5.977253532493561616e-01 9.181971164769252569e-01
3.591584722879265001e+00 5.977253532493561616e-01 9.181971164769252569e-01
3.727937482662198931e+00 2.669563993131555679e-01 8.028296480926065959e-01
3.727937482662198931e+00 2.669563993131555679e-01 8.028296480926065959e-01
3.727937482662198931e+00 2.669563993131555679e-01 8.028296480926065959e-01
3.272062589760058593e+00 7.669564355803125677e-01 6.971704605021674661e-01
3.272062589760058593e+00 7.669564355803125677e-01 6.971704605021674661e-01
3.272062589760058593e+00 7.669564355803125677e-01 6.971704605021674661e-01
3.272062589673462529e+00 7.330436730987875960e-01 1.971704242750894065e-01
3.272062589673462529e+00 7.330436730987875960e-01 1.971704242750894065e-01
3.272062589673462529e+00 7.330436730987875960e-01 1.971704242750894065e-01
3.727937482719392293e+00 2.330436368316306517e-01 3.028296119519885976e-01
3.727937482719392293e+00 2.330436368316306517e-01 3.028296119519885976e-01
3.727937482719392293e+00 2.330436368316306517e-01 3.028296119519885976e-01
3.859839492258173799e+00 5.460093395762370960e-01 6.010717635309855700e-01
3.859839492258173799e+00 5.460093395762370960e-01 6.010717635309855700e-01
3.859839492258173799e+00 5.460093395762370960e-01 6.010717635309855700e-01
3.140160580164083282e+00 4.600930330908006155e-02 8.989283450637884920e-01
3.140160580164083282e+00 4.600930330908006155e-02 8.989283450637884920e-01
3.140160580164083282e+00 4.600930330908006155e-02 8.989283450637884920e-01
3.140160580121277079e+00 4.539907328357061234e-01 3.989283089231704937e-01
3.140160580121277079e+00 4.539907328357061234e-01 3.989283089231704937e-01
3.140160580121277079e+00 4.539907328357061234e-01 3.989283089231704937e-01
3.859839492271578187e+00 9.539907691028631787e-01 1.010717273039075242e-01
3.859839492271578187e+00 9.539907691028631787e-01 1.010717273039075242e-01
3.859839492271578187e+00 9.539907691028631787e-01 1.010717273039075242e-01
5.915847227926692709e-01 1.902274755307373333e+00 4.181970802498473083e-01
5.915847227926692709e-01 1.902274755307373333e+00 4.181970802498473083e-01
5.915847227926692709e-01 1.902274755307373333e+00 4.181970802498473083e-01
4.084153495563960234e-01 1.402274719162587058e+00 8.180295589077070384e-02
4.084153495563960234e-01 1.402274719162587058e+00 8.180295589077070384e-02
4.084153495563960234e-01 1.402274719162587058e+00 8.180295589077070384e-02
4.084153495429918013e-01 1.097725317104569998e+00 5.818029921178486941e-01
4.084153495429918013e-01 1.097725317104569998e+00 5.818029921178486941e-01
4.084153495429918013e-01 1.097725317104569998e+00 5.818029921178486941e-01
5.915847228792651125e-01 1.597725353249356051e+00 9.181971164769252569e-01
5.915847228792651125e-01 1.597725353249356051e+00 9.181971164769252569e-01
5.915847228792651125e-01 1.597725353249356051e+00 9.181971164769252569e-01
7.279374826621987093e-01 1.266956399313155623e+00 8.028296480926065959e-01
7.279374826621987093e-01 1.266956399313155623e+00 8.028296480926065959e-01
7.279374826621987093e-01 1.266956399313155623e+00 8.028296480926065959e-01
2.720625897600584264e-01 1.766956435580312679e+00 6.971704605021674661e-01
2.720625897600584264e-01 1.766956435580312679e+00 6.971704605021674661e-01
2.720625897600584264e-01 1.766956435580312679e+00 6.971704605021674661e-01
2.720625896734624738e-01 1.733043673098787707e+00 1.971704242750894065e-01
2.720625896734624738e-01 1.733043673098787707e+00 1.971704242750894065e-01
2.720625896734624738e-01 1.733043673098787707e+00 1.971704242750894065e-01
7.279374827193922926e-01 1.233043636831630652e+00 3.028296119519885976e-01
7.279374827193922926e-01 1.233043636831630652e+00 3.028296119519885976e-01
7.279374827193922926e-01 1.233043636831630652e+00 3.028296119519885976e-01
8.598394922581739097e-01 1.546009339576237096e+00 6.010717635309855700e-01
8.598394922581739097e-01 1.546009339576237096e+00 6.010717635309855700e-01
8.598394922581739097e-01 1.546009339576237096e+00 6.010717635309855700e-01
1.401605801640832261e-01 1.046009303309080041e+00 8.989283450637884920e-01
1.401605801640832261e-01 1.046009303309080041e+00 8.989283450637884920e-01
1.401605801640832261e-01 1.046009303309080041e+00 8.989283450637884920e-01
1.401605801212768843e-01 1.453990732835706012e+00 3.989283089231704937e-01
1.401605801212768843e-01 1.453990732835706012e+00 3.989283089231704937e-01
1.401605801212768843e-01 1.453990732835706012e+00 3.989283089231704937e-01
8.598394922715779654e-01 1.953990769102863290e+00 1.010717273039075242e-01
8.598394922715779654e-01 1.953990769102863290e+00 1.010717273039075242e-01
8.598394922715779654e-01 1.953990769102863290e+00 1.010717273039075242e-01
1.591584722792669382e+00 1.902274755307373333e+00 4.181970802498473083e-01
1.591584722792669382e+00 1.902274755307373333e+00 4.181970802498473083e-01
1.591584722792669382e+00 1.902274755307373333e+00 4.181970802498473083e-01
1.408415349556396023e+00 1.402274719162587058e+00 8.180295589077070384e-02
1.408415349556396023e+00 1.402274719162587058e+00 8.180295589077070384e-02
1.408415349556396023e+00 1.402274719162587058e+00 8.180295589077070384e-02
1.408415349542991857e+00 1.097725317104569998e+00 5.818029921178486941e-01
1.408415349542991857e+00 1.097725317104569998e+00 5.818029921178486941e-01
1.408415349542991857e+00 1.097725317104569998e+00 5.818029921178486941e-01
1.591584722879265001e+00 1.597725353249356051e+00 9.181971164769252569e-01
1.591584722879265001e+00 1.597725353249356051e+00 9.181971164769252569e-01
1.591584722879265001e+00 1.597725353249356051e+00 9.181971164769252569e-01
1.727937482662198709e+00 1.266956399313155623e+00 8.028296480926065959e-01
1.727937482662198709e+00 1.266956399313155623e+00 8.028296480926065959e-01
1.727937482662198709e+00 1.266956399313155623e+00 8.028296480926065959e-01
1.272062589760058371e+00 1.766956435580312679e+00 6.971704605021674661e-01
1.272062589760058371e+00 1.766956435580312679e+00 6.971704605021674661e-01
1.272062589760058371e+00 1.766956435580312679e+00 6.971704605021674661e-01
1.272062589673462529e+00 1.733043673098787707e+00 1.971704242750894065e-01
1.272062589673462529e+00 1.733043673098787707e+00 1.971704242750894065e-01
1.272062589673462529e+00 1.733043673098787707e+00 1.971704242750894065e-01
1.727937482719392293e+00 1.233043636831630652e+00 3.028296119519885976e-01
1.727937482719392293e+00 1.233043636831630652e+00 3.028296119519885976e-01
1.727937482719392293e+00 1.233043636831630652e+00 3.028296119519885976e-01
1.859839492258173799e+00 1.546009339576237096e+00 6.010717635309855700e-01
1.859839492258173799e+00 1.546009339576237096e+00 6.010717635309855700e-01
1.859839492258173799e+00 1.546009339576237096e+00 6.010717635309855700e-01
1.140160580164083282e+00 1.046009303309080041e+00 8.989283450637884920e-01
1.140160580164083282e+00 1.046009303309080041e+00 8.989283450637884920e-01
1.140160580164083282e+00 1.046009303309080041e+00 8.989283450637884920e-01
1.140160580121276857e+00 1.453990732835706012e+00 3.989283089231704937e-01
1.140160580121276857e+00 1.453990732835706012e+00 3.989283089231704937e-01
1.140160580121276857e+00 1.453990732835706012e+00 3.989283089231704937e-01
1.859839492271577965e+00 1.953990769102863290e+00 1.010717273039075242e-01
1.859839492271577965e+00 1.953990769102863290e+00 1.010717273039075242e-01
1.859839492271577965e+00 1.953990769102863290e+00 1.010717273039075242e-01
2.591584722792669382e+00 1.902274755307373333e+00 4.181970802498473083e-01
2.591584722792669382e+00 1.902274755307373333e+00 4.181970802498473083e-01
2.591584722792669382e+00 1.902274755307373333e+00 4.181970802498473083e-01
2.408415349556396023e+00 1.402274719162587058e+00 8.180295589077070384e-02
2.408415349556396023e+00 1.402274719162587058e+00 8.180295589077070384e-02
2.408415349556396023e+00 1.402274719162587058e+00 8.180295589077070384e-02
2.408415349542991635e+00 1.097725317104569998e+00 5.818029921178486941e-01
2.408415349542991635e+00 1.097725317104569998e+00 5.818029921178486941e-01
2.408415349542991635e+00 1.097725317104569998e+00 5.818029921178486941e-01
2.591584722879265001e+00 1.597725353249356051e+00 9.181971164769252569e-01
2.591584722879265001e+00 1.597725353249356051e+00 9.181971164769252569e-01
2.591584722879265001e+00 1.597725353249356051e+00 9.181971164769252569e-01
2.727937482662198931e+00 1.266956399313155623e+00 8.028296480926065959e-01
2.727937482662198931e+00 1.266956399313155623e+00 8.028296480926065959e-01
2.727937482662198931e+00 1.266956399313155623e+00 8.028296480926065959e-01
2.272062589760058593e+00 1.766956435580312679e+00 6.971704605021674661e-01
2.272062589760058593e+00 1.766956435580312679e+00 6.971704605021674661e-01
2.272062589760058593e+00 1.766956435580312679e+00 6.971704605021674661e-01
2.272062589673462529e+00 1.733043673098787707e+00 1.971704242750894065e-01
2.272062589673462529e+00 1.733043673098787707e+00 1.971704242750894065e-01
2.272062589673462529e+00 1.733043673098787707e+00 1.971704242750894065e-01
2.727937482719392293e+00 1.233043636831630652e+00 3.028296119519885976e-01
2.727937482719392293e+00 1.233043636831630652e+00 3.028296119519885976e-01
2.727937482719392293e+00 1.233043636831630652e+00 3.028296119519885976e-01
2.859839492258173799e+00 1.546009339576237096e+00 6.010717635309855700e-01
2.859839492258173799e+00 1.546009339576237096e+00 6.010717635309855700e-01
2.859839492258173799e+00 1.546009339576237096e+00 6.010717635309855700e-01
2.140160580164083282e+00 1.046009303309080041e+00 8.989283450637884920e-01
2.140160580164083282e+00 1.046009303309080041e+00 8.989283450637884920e-01
2.140160580164083282e+00 1.046009303309080041e+00 8.989283450637884920e-01
2.140160580121277079e+00 1.453990732835706012e+00 3.989283089231704937e-01
2.140160580121277079e+00 1.453990732835706012e+00 3.989283089231704937e-01
2.140160580121277079e+00 1.453990732835706012e+00 3.989283089231704937e-01
2.859839492271578187e+00 1.953990769102863290e+00 1.010717273039075242e-01
2.859839492271578187e+00 1.953990769102863290e+00 1.010717273039075242e-01
2.859839492271578187e+00 1.953990769102863290e+00 1.010717273039075242e-01
3.591584722792669382e+00 1.902274755307373333e+00 4.181970802498473083e-01
3.591584722792669382e+00 1.902274755307373333e+00 4.181970802498473083e-01
3.591584722792669382e+00 1.902274755307373333e+00 4.181970802498473083e-01
3.408415349556396023e+00 1.402274719162587058e+00 8.180295589077070384e-02
3.408415349556396023e+00 1.402274719162587058e+00 8.180295589077070384e-02
3.408415349556396023e+00 1.402274719162587058e+00 8.180295589077070384e-02
3.408415349542991635e+00 1.097725317104569998e+00 5.818029921178486941e-01
3.408415349542991635e+00 1.097725317104569998e+00 5.818029921178486941e-01
3.408415349542991635e+00 1.097725317104569998e+00 5.818029921178486941e-01
3.591584722879265001e+00 1.597725353249356051e+00 9.181971164769252569e-01
3.591584722879265001e+00 1.597725353249356051e+00 9.181971164769252569e-01
3.591584722879265001e+00 1.597725353249356051e+00 9.181971164769252569e-01
3.727937482662198931e+00 1.266956399313155623e+00 8.028296480926065959e-01
3.727937482662198931e+00 1.266956399313155623e+00 8.028296480926065959e-01
3.727937482662198931e+00 1.266956399313155623e+00 8.028296480926065959e-01
3.272062589760058593e+00 1.766956435580312679e+00 6.971704605021674661e-01
3.272062589760058593e+00 1.766956435580312679e+00 6.971704605021674661e-01
3.272062589760058593e+00 1.766956435580312679e+00 6.971704605021674661e-01
3.272062589673462529e+00 1.733043673098787707e+00 1.971704242750894065e-01
3.272062589673462529e+00 1.733043673098787707e+00 1.971704242750894065e-01
3.272062589673462529e+00 1.733043673098787707e+00 1.971704242750894065e-01
3.727937482719392293e+00 1.233043636831630652e+00 3.028296119519885976e-01
3.727937482719392293e+00 1.233043636831630652e+00 3.028296119519885976e-01
3.727937482719392293e+00 1.233043636831630652e+00 3.028296119519885976e-01
3.859839492258173799e+00 1.546009339576237096e+00 6.010717635309855700e-01
3.859839492258173799e+00 1.546009339576237096e+00 6.010717635309855700e-01
3.859839492258173799e+00 1.546009339576237096e+00 6.010717635309855700e-01
3.140160580164083282e+00 1.046009303309080041e+00 8.989283450637884920e-01
3.140160580164083282e+00 1.046009303309080041e+00 8.989283450637884920e-01
3.140160580164083282e+00 1.046009303309080041e+00 8.989283450637884920e-01
3.140160580121277079e+00 1.453990732835706012e+00 3.989283089231704937e-01
3.140160580121277079e+00 1.453990732835706012e+00 3.989283089231704937e-01
3.140160580121277079e+00 1.453990732835706012e+00 3.989283089231704937e-01
3.859839492271578187e+00 1.953990769102863290e+00 1.010717273039075242e-01
3.859839492271578187e+00 1.953990769102863290e+00 1.010717273039075242e-01
3.859839492271578187e+00 1.953990769102863290e+00 1.010717273039075242e-01
5.915847227926692709e-01 2.902274755307373333e+00 4.181970802498473083e-01
5.915847227926692709e-01 2.902274755307373333e+00 4.181970802498473083e-01
5.915847227926692709e-01 2.902274755307373333e+00 4.181970802498473083e-01
4.084153495563960234e-01 2.402274719162587058e+00 8.180295589077070384e-02
4.084153495563960234e-01 2.402274719162587058e+00 8.180295589077070384e-02
4.084153495563960234e-01 2.402274719162587058e+00 8.180295589077070384e-02
4.084153495429918013e-01 2.097725317104569775e+00 5.818029921178486941e-01
4.084153495429918013e-01 2.097725317104569775e+00 5.818029921178486941e-01
4.084153495429918013e-01 2.097725317104569775e+00 5.818029921178486941e-01
5.915847228792651125e-01 2.597725353249356051e+00 9.181971164769252569e-01
5.915847228792651125e-01 2.597725353249356051e+00 9.181971164769252569e-01
5.915847228792651125e-01 2.597725353249356051e+00 9.181971164769252569e-01
7.279374826621987093e-01 2.266956399313155401e+00 8.028296480926065959e-01
7.279374826621987093e-01 2.266956399313155401e+00 8.028296480926065959e-01
7.279374826621987093e-01 2.266956399313155401e+00 8.028296480926065959e-01
2.720625897600584264e-01 2.766956435580312679e+00 6.971704605021674661e-01
2.720625897600584264e-01 2.766956435580312679e+00 6.971704605021674661e-01
2.720625897600584264e-01 2.766956435580312679e+00 6.971704605021674661e-01
2.720625896734624738e-01 2.733043673098787707e+00 1.971704242750894065e-01
2.720625896734624738e-01 2.733043673098787707e+00 1.971704242750894065e-01
2.720625896734624738e-01 2.733043673098787707e+00 1.971704242750894065e-01
7.279374827193922926e-01 2.233043636831630430e+00 3.028296119519885976e-01
7.279374827193922926e-01 2.233043636831630430e+00 3.028296119519885976e-01
7.279374827193922926e-01 2.233043636831630430e+00 3.028296119519885976e-01
8.598394922581739097e-01 2.546009339576237096e+00 6.010717635309855700e-01
8.598394922581739097e-01 2.546009339576237096e+00 6.010717635309855700e-01
8.598394922581739097e-01 2.546009339576237096e+00 6.010717635309855700e-01
1.401605801640832261e-01 2.046009303309080263e+00 8.989283450637884920e-01
1.401605801640832261e-01 2.046009303309080263e+00 8.989283450637884920e-01
1.401605801640832261e-01 2.046009303309080263e+00 8.989283450637884920e-01
1.401605801212768843e-01 2.453990732835706012e+00 3.989283089231704937e-01
1.401605801212768843e-01 2.453990732835706012e+00 3.989283089231704937e-01
1.401605801212768843e-01 2.453990732835706012e+00 3.989283089231704937e-01
8.598394922715779654e-01 2.953990769102863290e+00 1.010717273039075242e-01
8.598394922715779654e-01 2.953990769102863290e+00 1.010717273039075242e-01
8.598394922715779654e-01 2.953990769102863290e+00 1.010717273039075242e-01
1.591584722792669382e+00 2.902274755307373333e+00 4.181970802498473083e-01
1.591584722792669382e+00 2.902274755307373333e+00 4.181970802498473083e-01
1.591584722792669382e+00 2.902274755307373333e+00 4.181970802498473083e-01
1.408415349556396023e+00 2.402274719162587058e+00 8.180295589077070384e-02
1.408415349556396023e+00 2.402274719162587058e+00 8.180295589077070384e-02
1.408415349556396023e+00 2.402274719162587058e+00 8.180295589077070384e-02
1.408415349542991857e+00 2.097725317104569775e+00 5.818029921178486941e-01
1.408415349542991857e+00 2.097725317104569775e+00 5.818029921178486941e-01
1.408415349542991857e+00 2.097725317104569775e+00 5.818029921178486941e-01
1.591584722879265001e+00 2.597725353249356051e+00 9.181971164769252569e-01
1.591584722879265001e+00 2.597725353249356051e+00 9.181971164769252569e-01
1.591584722879265001e+00 2.597725353249356051e+00 9.181971164769252569e-01
1.727937482662198709e+00 2.266956399313155401e+00 8.028296480926065959e-01
1.727937482662198709e+00 2.266956399313155401e+00 8.028296480926065959e-01
1.727937482662198709e+00 2.266956399313155401e+00 8.028296480926065959e-01
1.272062589760058371e+00 2.766956435580312679e+00 6.971704605021674661e-01
1.272062589760058371e+00 2.766956435580312679e+00 6.971704605021674661e-01
1.272062589760058371e+00 2.766956435580312679e+00 6.971704605021674661e-01
1.272062589673462529e+00 2.733043673098787707e+00 1.971704242750894065e-01
1.272062589673462529e+00 2.733043673098787707e+00 1.971704242750894065e-01
1.272062589673462529e+00 2.733043673098787707e+00 1.971704242750894065e-01
1.727937482719392293e+00 2.233043636831630430e+00 3.028296119519885976e-01
1.727937482719392293e+00 2.233043636831630430e+00 3.028296119519885976e-01
1.727937482719392293e+00 2.233043636831630430e+00 3.028296119519885976e-01
1.859839492258173799e+00 2.546009339576237096e+00 6.010717635309855700e-01
1.859839492258173799e+00 2.546009339576237096e+00 6.010717635309855700e-01
1.859839492258173799e+00 2.546009339576237096e+00 6.010717635309855700e-01
1.140160580164083282e+00 2.046009303309080263e+00 8.989283450637884920e-01
1.140160580164083282e+00 2.046009303309080263e+00 8.989283450637884920e-01
1.140160580164083282e+00 2.046009303309080263e+00 8.989283450637884920e-01
1.140160580121276857e+00 2.453990732835706012e+00 3.989283089231704937e-01
1.140160580121276857e+00 2.453990732835706012e+00 3.989283089231704937e-01
1.140160580121276857e+00 2.453990732835706012e+00 3.989283089231704937e-01
1.859839492271577965e+00 2.953990769102863290e+00 1.010717273039075242e-01
1.859839492271577965e+00 2.953990769102863290e+00 1.010717273039075242e-01
1.859839492271577965e+00 2.953990769102863290e+00 1.010717273039075242e-01
2.591584722792669382e+00 2.902274755307373333e+00 4.181970802498473083e-01
2.591584722792669382e+00 2.902274755307373333e+00 4.181970802498473083e-01
2.591584722792669382e+00 2.902274755307373333e+00 4.181970802498473083e-01
2.408415349556396023e+00 2.402274719162587058e+00 8.180295589077070384e-02
2.408415349556396023e+00 2.402274719162587058e+00 8.180295589077070384e-02
2.408415349556396023e+00 2.402274719162587058e+00 8.180295589077070384e-02
2.408415349542991635e+00 2.097725317104569775e+00 5.818029921178486941e-01
2.408415349542991635e+00 2.097725317104569775e+00 5.818029921178486941e-01
2.408415349542991635e+00 2.097725317104569775e+00 5.818029921178486941e-01
2.591584722879265001e+00 2.597725353249356051e+00 9.181971164769252569e-01
2.591584722879265001e+00 2.597725353249356051e+00 9.181971164769252569e-01
2.591584722879265001e+00 2.597725353249356051e+00 9.181971164769252569e-01
2.727937482662198931e+00 2.266956399313155401e+00 8.028296480926065959e-01
2.727937482662198931e+00 2.266956399313155401e+00 8.028296480926065959e-01
2.727937482662198931e+00 2.266956399313155401e+00 8.028296480926065959e-01
2.272062589760058593e+00 2.766956435580312679e+00 6.971704605021674661e-01
2.272062589760058593e+00 2.766956435580312679e+00 6.971704605021674661e-01
2.272062589760058593e+00 2.766956435580312679e+00 6.971704605021674661e-01
2.272062589673462529e+00 2.733043673098787707e+00 1.971704242750894065e-01
2.272062589673462529e+00 2.733043673098787707e+00 1.971704242750894065e-01
2.272062589673462529e+00 2.733043673098787707e+00 1.971704242750894065e-01
2.727937482719392293e+00 2.233043636831630430e+00 3.028296119519885976e-01
2.727937482719392293e+00 2.233043636831630430e+00 3.028296119519885976e-01
2.727937482719392293e+00 2.233043636831630430e+00 3.028296119519885976e-01
2.859839492258173799e+00 2.546009339576237096e+00 6.010717635309855700e-01
2.859839492258173799e+00 2.546009339576237096e+00 6.010717635309855700e-01
2.859839492258173799e+00 2.546009339576237096e+00 6.010717635309855700e-01
2.140160580164083282e+00 2.046009303309080263e+00 8.989283450637884920e-01
2.140160580164083282e+00 2.046009303309080263e+00 8.989283450637884920e-01
2.140160580164083282e+00 2.046009303309080263e+00 8.989283450637884920e-01
2.140160580121277079e+00 2.453990732835706012e+00 3.989283089231704937e-01
2.140160580121277079e+00 2.453990732835706012e+00 3.989283089231704937e-01
2.140160580121277079e+00 2.453990732835706012e+00 3.989283089231704937e-01
2.859839492271578187e+00 2.953990769102863290e+00 1.010717273039075242e-01
2.859839492271578187e+00 2.953990769102863290e+00 1.010717273039075242e-01
2.859839492271578187e+00 2.953990769102863290e+00 1.010717273039075242e-01
3.591584722792669382e+00 2.902274755307373333e+00 4.181970802498473083e-01
3.591584722792669382e+00 2.902274755307373333e+00 4.181970802498473083e-01
3.591584722792669382e+00 2.902274755307373333e+00 4.181970802498473083e-01
3.408415349556396023e+00 2.402274719162587058e+00 8.180295589077070384e-02
3.408415349556396023e+00 2.402274719162587058e+00 8.180295589077070384e-02
3.408415349556396023e+00 2.402274719162587058e+00 8.180295589077070384e-02
3.408415349542991635e+00 2.097725317104569775e+00 5.818029921178486941e-01
3.408415349542991635e+00 2.097725317104569775e+00 5.818029921178486941e-01
3.408415349542991635e+00 2.097725317104569775e+00 5.818029921178486941e-01
3.591584722879265001e+00 2.597725353249356051e+00 9.181971164769252569e-01
3.591584722879265001e+00 2.597725353249356051e+00 9.181971164769252569e-01
3.591584722879265001e+00 2.597725353249356051e+00 9.181971164769252569e-01
3.727937482662198931e+00 2.266956399313155401e+00 8.028296480926065959e-01
3.727937482662198931e+00 2.266956399313155401e+00 8.028296480926065959e-01
3.727937482662198931e+00 2.266956399313155401e+00 8.028296480926065959e-01
3.272062589760058593e+00 2.766956435580312679e+00 6.971704605021674661e-01
3.272062589760058593e+00 2.766956435580312679e+00 6.971704605021674661e-01
3.272062589760058593e+00 2.766956435580312679e+00 6.971704605021674661e-01
3.272062589673462529e+00 2.733043673098787707e+00 1.971704242750894065e-01
3.272062589673462529e+00 2.733043673098787707e+00 1.971704242750894065e-01
3.272062589673462529e+00 2.733043673098787707e+00 1.971704242750894065e-01
3.727937482719392293e+00 2.233043636831630430e+00 3.028296119519885976e-01
3.727937482719392293e+00 2.233043636831630430e+00 3.028296119519885976e-01
3.727937482719392293e+00 2.233043636831630430e+00 3.028296119519885976e-01
3.859839492258173799e+00 2.546009339576237096e+00 6.010717635309855700e-01
3.859839492258173799e+00 2.546009339576237096e+00 6.010717635309855700e-01
3.859839492258173799e+00 2.546009339576237096e+00 6.010717635309855700e-01
3.140160580164083282e+00 2.046009303309080263e+00 8.989283450637884920e-01
3.140160580164083282e+00 2.046009303309080263e+00 8.989283450637884920e-01
3.140160580164083282e+00 2.046009303309080263e+00 8.989283450637884920e-01
3.140160580121277079e+00 2.453990732835706012e+00 3.989283089231704937e-01
3.140160580121277079e+00 2.453990732835706012e+00 3.989283089231704937e-01
3.140160580121277079e+00 2.453990732835706012e+00 3.989283089231704937e-01
3.859839492271578187e+00 2.953990769102863290e+00 1.010717273039075242e-01
3.859839492271578187e+00 2.953990769102863290e+00 1.010717273039075242e-01
3.859839492271578187e+00 2.953990769102863290e+00 1.010717273039075242e-01
5.915847227926692709e-01 3.902274755307373333e+00 4.181970802498473083e-01
5.915847227926692709e-01 3.902274755307373333e+00 4.181970802498473083e-01
5.915847227926692709e-01 3.902274755307373333e+00 4.181970802498473083e-01
4.084153495563960234e-01 3.402274719162587058e+00 8.180295589077070384e-02
4.084153495563960234e-01 3.402274719162587058e+00 8.180295589077070384e-02
4.084153495563960234e-01 3.402274719162587058e+00 8.180295589077070384e-02
4.084153495429918013e-01 3.097725317104569775e+00 5.818029921178486941e-01
4.084153495429918013e-01 3.097725317104569775e+00 5.818029921178486941e-01
4.084153495429918013e-01 3.097725317104569775e+00 5.818029921178486941e-01
5.915847228792651125e-01 3.597725353249356051e+00 9.181971164769252569e-01
5.915847228792651125e-01 3.597725353249356051e+00 9.181971164769252569e-01
5.915847228792651125e-01 3.597725353249356051e+00 9.181971164769252569e-01
7.279374826621987093e-01 3.266956399313155401e+00 8.028296480926065959e-01
7.279374826621987093e-01 3.266956399313155401e+00 8.028296480926065959e-01
7.279374826621987093e-01 3.266956399313155401e+00 8.028296480926065959e-01
2.720625897600584264e-01 3.766956435580312679e+00 6.971704605021674661e-01
2.720625897600584264e-01 3.766956435580312679e+00 6.971704605021674661e-01
2.720625897600584264e-01 3.766956435580312679e+00 6.971704605021674661e-01
2.720625896734624738e-01 3.733043673098787707e+00 1.971704242750894065e-01
2.720625896734624738e-01 3.733043673098787707e+00 1.971704242750894065e-01
2.720625896734624738e-01 3.733043673098787707e+00 1.971704242750894065e-01
7.279374827193922926e-01 3.233043636831630430e+00 3.028296119519885976e-01
7.279374827193922926e-01 3.233043636831630430e+00 3.028296119519885976e-01
7.279374827193922926e-01 3.233043636831630430e+00 3.028296119519885976e-01
8.598394922581739097e-01 3.546009339576237096e+00 6.010717635309855700e-01
8.598394922581739097e-01 3.546009339576237096e+00 6.010717635309855700e-01
8.598394922581739097e-01 3.546009339576237096e+00 6.010717635309855700e-01
1.401605801640832261e-01 3.046009303309080263e+00 8.989283450637884920e-01
1.401605801640832261e-01 3.046009303309080263e+00 8.989283450637884920e-01
1.401605801640832261e-01 3.046009303309080263e+00 8.989283450637884920e-01
1.401605801212768843e-01 3.453990732835706012e+00 3.989283089231704937e-01
1.401605801212768843e-01 3.453990732835706012e+00 3.989283089231704937e-01
1.401605801212768843e-01 3.453990732835706012e+00 3.989283089231704937e-01
8.598394922715779654e-01 3.953990769102863290e+00 1.010717273039075242e-01
8.598394922715779654e-01 3.953990769102863290e+00 1.010717273039075242e-01
8.598394922715779654e-01 3.953990769102863290e+00 1.010717273039075242e-01
1.591584722792669382e+00 3.902274755307373333e+00 4.181970802498473083e-01
1.591584722792669382e+00 3.902274755307373333e+00 4.181970802498473083e-01
1.591584722792669382e+00 3.902274755307373333e+00 4.181970802498473083e-01
1.408415349556396023e+00 3.402274719162587058e+00 8.180295589077070384e-02
1.408415349556396023e+00 3.402274719162587058e+00 8.180295589077070384e-02
1.408415349556396023e+00 3.402274719162587058e+00 8.180295589077070384e-02
1.408415349542991857e+00 3.097725317104569775e+00 5.818029921178486941e-01
1.408415349542991857e+00 3.097725317104569775e+00 5.818029921178486941e-01
1.408415349542991857e+00 3.097725317104569775e+00 5.818029921178486941e-01
1.591584722879265001e+00 3.597725353249356051e+00 9.181971164769252569e-01
1.591584722879265001e+00 3.597725353249356051e+00 9.181971164769252569e-01
1.591584722879265001e+00 3.597725353249356051e+00 9.181971164769252569e-01
1.727937482662198709e+00 3.266956399313155401e+00 8.028296480926065959e-01
1.727937482662198709e+00 3.266956399313155401e+00 8.028296480926065959e-01
1.727937482662198709e+00 3.266956399313155401e+00 8.028296480926065959e-01
1.272062589760058371e+00 3.766956435580312679e+00 6.971704605021674661e-01
1.272062589760058371e+00 3.766956435580312679e+00 6.971704605021674661e-01
1.272062589760058371e+00 3.766956435580312679e+00 6.971704605021674661e-01
1.272062589673462529e+00 3.733043673098787707e+00 1.971704242750894065e-01
1.272062589673462529e+00 3.733043673098787707e+00 1.971704242750894065e-01
1.272062589673462529e+00 3.733043673098787707e+00 1.971704242750894065e-01
1.727937482719392293e+00 3.233043636831630430e+00 3.028296119519885976e-01
1.727937482719392293e+00 3.233043636831630430e+00 3.028296119519885976e-01
1.727937482719392293e+00 3.233043636831630430e+00 3.028296119519885976e-01
1.859839492258173799e+00 3.546009339576237096e+00 6.010717635309855700e-01
1.859839492258173799e+00 3.546009339576237096e+00 6.010717635309855700e-01
1.859839492258173799e+00 3.546009339576237096e+00 6.010717635309855700e-01
1.140160580164083282e+00 3.046009303309080263e+00 8.989283450637884920e-01
1.140160580164083282e+00 3.046009303309080263e+00 8.989283450637884920e-01
1.140160580164083282e+00 3.046009303309080263e+00 8.989283450637884920e-01
1.140160580121276857e+00 3.453990732835706012e+00 3.989283089231704937e-01
1.140160580121276857e+00 3.453990732835706012e+00 3.989283089231704937e-01
1.140160580121276857e+00 3.453990732835706012e+00 3.989283089231704937e-01
1.859839492271577965e+00 3.953990769102863290e+00 1.010717273039075242e-01
1.859839492271577965e+00 3.953990769102863290e+00 1.010717273039075242e-01
1.859839492271577965e+00 3.953990769102863290e+00 1.010717273039075242e-01
2.591584722792669382e+00 3.902274755307373333e+00 4.181970802498473083e-01
2.591584722792669382e+00 3.902274755307373333e+00 4.181970802498473083e-01
2.591584722792669382e+00 3.902274755307373333e+00 4.181970802498473083e-01
2.408415349556396023e+00 3.402274719162587058e+00 8.180295589077070384e-02
2.408415349556396023e+00 3.402274719162587058e+00 8.180295589077070384e-02
2.408415349556396023e+00 3.402274719162587058e+00 8.180295589077070384e-02
2.408415349542991635e+00 3.097725317104569775e+00 5.818029921178486941e-01
2.408415349542991635e+00 3.097725317104569775e+00 5.818029921178486941e-01
2.408415349542991635e+00 3.097725317104569775e+00 5.818029921178486941e-01
2.591584722879265001e+00 3.597725353249356051e+00 9.181971164769252569e-01
2.591584722879265001e+00 3.597725353249356051e+00 9.181971164769252569e-01
2.591584722879265001e+00 3.597725353249356051e+00 9.181971164769252569e-01
2.727937482662198931e+00 3.266956399313155401e+00 8.028296480926065959e-01
2.727937482662198931e+00 3.266956399313155401e+00 8.028296480926065959e-01
2.727937482662198931e+00 3.266956399313155401e+00 8.028296480926065959e-01
2.272062589760058593e+00 3.766956435580312679e+00 6.971704605021674661e-01
2.272062589760058593e+00 3.766956435580312679e+00 6.971704605021674661e-01
2.272062589760058593e+00 3.766956435580312679e+00 6.971704605021674661e-01
2.272062589673462529e+00 3.733043673098787707e+00 1.971704242750894065e-01
2.272062589673462529e+00 3.733043673098787707e+00 1.971704242750894065e-01
2.272062589673462529e+00 3.733043673098787707e+00 1.971704242750894065e-01
2.727937482719392293e+00 3.233043636831630430e+00 3.028296119519885976e-01
2.727937482719392293e+00 3.233043636831630430e+00 3.028296119519885976e-01
2.727937482719392293e+00 3.233043636831630430e+00 3.028296119519885976e-01
2.859839492258173799e+00 3.546009339576237096e+00 6.010717635309855700e-01
2.859839492258173799e+00 3.546009339576237096e+00 6.010717635309855700e-01
2.859839492258173799e+00 3.546009339576237096e+00 6.010717635309855700e-01
2.140160580164083282e+00 3.046009303309080263e+00 8.989283450637884920e-01
2.140160580164083282e+00 3.046009303309080263e+00 8.989283450637884920e-01
2.140160580164083282e+00 3.046009303309080263e+00 8.989283450637884920e-01
2.140160580121277079e+00 3.453990732835706012e+00 3.989283089231704937e-01
2.140160580121277079e+00 3.453990732835706012e+00 3.989283089231704937e-01
2.140160580121277079e+00 3.453990732835706012e+00 3.989283089231704937e-01
2.859839492271578187e+00 3.953990769102863290e+00 1.010717273039075242e-01
2.859839492271578187e+00 3.953990769102863290e+00 1.010717273039075242e-01
2.859839492271578187e+00 3.953990769102863290e+00 1.010717273039075242e-01
3.591584722792669382e+00 3.902274755307373333e+00 4.181970802498473083e-01
3.591584722792669382e+00 3.902274755307373333e+00 4.181970802498473083e-01
3.591584722792669382e+00 3.902274755307373333e+00 4.181970802498473083e-01
3.408415349556396023e+00 3.402274719162587058e+00 8.180295589077070384e-02
3.408415349556396023e+00 3.402274719162587058e+00 8.180295589077070384e-02
3.408415349556396023e+00 3.402274719162587058e+00 8.180295589077070384e-02
3.408415349542991635e+00 3.097725317104569775e+00 5.818029921178486941e-01
3.408415349542991635e+00 3.097725317104569775e+00 5.818029921178486941e-01
3.408415349542991635e+00 3.097725317104569775e+00 5.818029921178486941e-01
3.591584722879265001e+00 3.597725353249356051e+00 9.181971164769252569e-01
3.591584722879265001e+00 3.597725353249356051e+00 9.181971164769252569e-01
3.591584722879265001e+00 3.597725353249356051e+00 9.181971164769252569e-01
3.727937482662198931e+00 3.266956399313155401e+00 8.028296480926065959e-01
3.727937482662198931e+00 3.266956399313155401e+00 8.028296480926065959e-01
3.727937482662198931e+00 3.266956399313155401e+00 8.028296480926065959e-01
3.272062589760058593e+00 3.766956435580312679e+00 6.971704605021674661e-01
3.272062589760058593e+00 3.766956435580312679e+00 6.971704605021674661e-01
3.272062589760058593e+00 3.766956435580312679e+00 6.971704605021674661e-01
3.272062589673462529e+00 3.733043673098787707e+00 1.971704242750894065e-01
3.272062589673462529e+00 3.733043673098787707e+00 1.971704242750894065e-01
3.272062589673462529e+00 3.733043673098787707e+00 1.971704242750894065e-01
3.727937482719392293e+00 3.233043636831630430e+00 3.028296119519885976e-01
3.727937482719392293e+00 3.233043636831630430e+00 3.028296119519885976e-01
3.727937482719392293e+00 3.233043636831630430e+00 3.028296119519885976e-01
3.859839492258173799e+00 3.546009339576237096e+00 6.010717635309855700e-01
3.859839492258173799e+00 3.546009339576237096e+00 6.010717635309855700e-01
3.859839492258173799e+00 3.546009339576237096e+00 6.010717635309855700e-01
3.140160580164083282e+00 3.046009303309080263e+00 8.989283450637884920e-01
3.140160580164083282e+00 3.046009303309080263e+00 8.989283450637884920e-01
3.140160580164083282e+00 3.046009303309080263e+00 8.989283450637884920e-01
3.140160580121277079e+00 3.453990732835706012e+00 3.989283089231704937e-01
3.140160580121277079e+00 3.453990732835706012e+00 3.989283089231704937e-01
3.140160580121277079e+00 3.453990732835706012e+00 3.989283089231704937e-01
3.859839492271578187e+00 3.953990769102863290e+00 1.010717273039075242e-01
3.859839492271578187e+00 3.953990769102863290e+00 1.010717273039075242e-01
3.859839492271578187e+00 3.953990769102863290e+00 1.010717273039075242e-01
