# local minimal position and the related energy gap
#        kx            ky            kz           gap             E            k1            k2            k3
    0.00527388    0.07262356   -0.00136483    0.00000002   12.89896745    0.00973357    0.10953209   -0.00784321
    0.01559921    0.06885255   -0.00283203    0.00000002   12.90104663    0.02879017    0.10384459   -0.02062681
    0.01398695   -0.07429201   -0.09436564    0.00000002   12.92091384    0.02581456   -0.11204847   -0.21451197
   -0.00457247   -0.07276692    0.00120105    0.00000002   12.89888468   -0.00843903   -0.10974832    0.00683796
    0.01341860   -0.06986217   -0.00266138    0.00000001   12.90050811    0.02476560   -0.10536731   -0.01822420
    0.04540990   -0.04520254   -0.00340889    0.00000003   12.91081978    0.08380930   -0.06817525   -0.04972384
    0.00584253    0.07249436   -0.00149208    0.00000003   12.89904183    0.01078308    0.10933723   -0.00864640
   -0.00650818    0.07456816    0.09601680    0.00000002   12.92025688   -0.01201162    0.11246497    0.21104581
    0.02179975    0.08795766    0.16973602    0.00000001   12.91320923    0.04023400    0.13265925    0.34194961
    0.00380178    0.08637452    0.16839519    0.00000002   12.91548946    0.00701664    0.13027153    0.35591107
    0.01428458    0.08468223   -0.16086349    0.00000002   12.91712424    0.02636387    0.12771919   -0.35673981
    0.00327436    0.08570108   -0.16613338    0.00000002   12.91619114    0.00604322    0.12925584   -0.35769735
   -0.00017904    0.07515080   -0.09801286    0.00000002   12.91940071   -0.00033044    0.11334371   -0.20905579
    0.00695503    0.07220961   -0.00172537    0.00000002   12.89920493    0.01283632    0.10890778   -0.01018430
   -0.00316502    0.07299775    0.00085172    0.00000001   12.89875080   -0.00584142    0.11009645    0.00477665
    0.07496378    0.02248027   -0.01041678    0.00000002   12.91763880    0.13835447    0.03390512   -0.09230884
    0.01365332    0.08727401    0.16999985    0.00000003   12.91435073    0.02519881    0.13162815    0.35012770
    0.02110006    0.08790147    0.16982540    0.00000002   12.91331643    0.03894264    0.13257450    0.34279444
    0.02410854    0.07459737   -0.09320180    0.00000002   12.92129172    0.04449516    0.11250902   -0.22148877
    0.02715816    0.08373055   -0.15175344    0.00000002   12.91795183    0.05012357    0.12628384   -0.34932667
    0.00349090    0.07295125   -0.00093486    0.00000001   12.89877782    0.00644287    0.11002633   -0.00525873
    0.01107940    0.07083244   -0.00240266    0.00000003   12.89997825    0.02044834    0.10683069   -0.01548536
   -0.00162759    0.07315761    0.00044544    0.00000001   12.89865764   -0.00300390    0.11033756    0.00247226
    0.06039112    0.03080986   -0.00658988    0.00000002   12.91512622    0.11145892    0.04646796   -0.07051790
    0.03589673    0.08893638    0.16391983    0.00000002   12.91052781    0.06625164    0.13413538    0.31635687
    0.02593221    0.08827839    0.16890447    0.00000002   12.91253366    0.04786095    0.13314298    0.33631171
    0.01498972    0.07428632   -0.09419214    0.00000002   12.92097756    0.02766528    0.11203990   -0.21507894
    0.02743320    0.07488490   -0.09314910    0.00000003   12.92128715    0.05063120    0.11294269   -0.22448401
    0.02329764    0.06455465   -0.00304321    0.00000002   12.90320311    0.04299854    0.09736242   -0.02827374
    0.00938614    0.07145399   -0.00216033    0.00000002   12.89963238    0.01732322    0.10776814   -0.01338528
   -0.00004941   -0.07513657   -0.09796947    0.00000002   12.91941969   -0.00009120   -0.11332226   -0.20908435
   -0.00976153   -0.07651532   -0.10178623    0.00000001   12.91774419   -0.01801605   -0.11540171   -0.20815336
    0.02734384   -0.07487585   -0.09314795    0.00000001   12.92128812    0.05046627   -0.11292904   -0.22439802
    0.04998378   -0.08252596   -0.11703100    0.00000003   12.91878302    0.09225094   -0.12446706   -0.29654273
   -0.02985972   -0.07515951    0.09324153    0.00000002   12.92124345   -0.05510962   -0.11335685    0.22694950
   -0.02242313   -0.08800728   -0.16964452    0.00000001   12.91311206   -0.04138452   -0.13273409   -0.34117160
   -0.03715518   -0.08399707   -0.12300843    0.00000003   12.91053855   -0.06857426   -0.12668582   -0.22784902
   -0.05833611    0.03236399    0.00603214    0.00000002   12.91467260   -0.10766615    0.04881193    0.06740638
    0.04511239   -0.04552823   -0.00337668    0.00000002   12.91071366    0.08326023   -0.06866646   -0.04937700
    0.00811533   -0.07187052   -0.00194584    0.00000002   12.89939769    0.01497780   -0.10839635   -0.01173953
   -0.01652102   -0.06839718    0.00288628    0.00000002   12.90128534   -0.03049149   -0.10315779    0.02160427
   -0.04475635   -0.08317747    0.13080212    0.00000002   12.91853614   -0.08260311   -0.12544969    0.32105291
   -0.03653592   -0.08896824   -0.16337977    0.00000002   12.91037647   -0.06743133   -0.13418343   -0.31460655
    0.00020163   -0.08599451   -0.16722414    0.00000002   12.91589675    0.00037213   -0.12969839   -0.35715348
   -0.01713008   -0.06808733    0.00291691    0.00000003   12.90144634   -0.03161559   -0.10269048    0.02223898
   -0.03448842   -0.07585071    0.09380035    0.00000002   12.92106450   -0.06365244   -0.11439934    0.23246909
   -0.00850553   -0.07174741    0.00201472    0.00000003   12.89946728   -0.01569796   -0.10821067    0.01225130
    0.00885675   -0.07443782   -0.09543186    0.00000002   12.92049761    0.01634617   -0.11226839   -0.21199249
   -0.02805848   -0.08368074    0.15097552    0.00000003   12.91799734   -0.05178523   -0.12620872    0.34850768
   -0.00904890   -0.08515544    0.16363753    0.00000002   12.91670423   -0.01670082   -0.12843289    0.35776736
   -0.01440957   -0.08734005   -0.17004164    0.00000002   12.91425361   -0.02659455   -0.13172775   -0.34951001
   -0.00579249   -0.08656125   -0.16886980    0.00000002   12.91527612   -0.01069073   -0.13055315   -0.35506338
    0.00038261   -0.07321259   -0.00010532    0.00000002   12.89862550    0.00070616   -0.11042048   -0.00058247
   -0.07772256   -0.02106892    0.01103343    0.00000001   12.91803773   -0.14344613   -0.03177651    0.09620394
    0.00590046   -0.07248053   -0.00150474    0.00000003   12.89904977    0.01089000   -0.10931638   -0.00872757
   -0.03052294   -0.07524462    0.09328858    0.00000003   12.92122554   -0.05633367   -0.11348522    0.22766990
    0.00491627   -0.07574842    0.09973480    0.00000002   12.91864379    0.00907356   -0.11424507    0.20830340
    0.00616557   -0.08659601    0.16895060    0.00000002   12.91523527    0.01137929   -0.13060558    0.35488711
   -0.01004263   -0.08695215   -0.16963352    0.00000001   12.91479365   -0.01853485   -0.13114272   -0.35272083
    0.00480848   -0.08555490   -0.16552712    0.00000003   12.91633251    0.00887462   -0.12903536   -0.35783723
   -0.00455609   -0.07569770   -0.09959435    0.00000003   12.91870566   -0.00840881   -0.11416857   -0.20834026
    0.00297858   -0.07302234   -0.00080361    0.00000002   12.89873647    0.00549732   -0.11013355   -0.00449967
    0.06528852    0.02761694   -0.00793823    0.00000002   12.91608000    0.12049764    0.04165234   -0.07797402
    0.07316207    0.02339037   -0.00998835    0.00000000   12.91737001    0.13502921    0.03527776   -0.08971013
    0.00854707    0.07173408   -0.00202188    0.00000002   12.89947482    0.01577462    0.10819056   -0.01230541
    0.04441769    0.08778259    0.14070576    0.00000003   12.90817650    0.08197808    0.13239520    0.25883797
   -0.00657444    0.07231163    0.00164786    0.00000001   12.89914662   -0.01213391    0.10906164    0.00966309
    0.06125076   -0.03020106   -0.00682621    0.00000002   12.91530553    0.11304549   -0.04554975   -0.07182594
    0.07455191   -0.02268831   -0.01032051    0.00000002   12.91757798    0.13759431   -0.03421889   -0.09171833
    0.07344718    0.02324622   -0.01005738    0.00000001   12.91741304    0.13555540    0.03506034   -0.09012398
    0.01475196    0.06925623   -0.00277314    0.00000001   12.90083284    0.02722648    0.10445343   -0.01970913
    0.03720078    0.08401522    0.12307233    0.00000002   12.91052403    0.06865842    0.12671319    0.22794280
    0.04413395    0.08878182    0.15003099    0.00000001   12.90828542    0.08145440    0.13390226    0.27900929
   -0.00056865    0.07320872    0.00015645    0.00000002   12.89862777   -0.00104952    0.11041464    0.00086553
    0.04999082    0.08106358   -0.10701926    0.00000000   12.91926166    0.09226393    0.12226147   -0.27517775
    0.04926029    0.08050193   -0.10459272    0.00000002   12.91945160    0.09091567    0.12141438   -0.26931509
    0.05043285    0.08214698   -0.11354370    0.00000001   12.91890552    0.09307976    0.12389549   -0.28951835
    0.07443813    0.02274584   -0.01029373    0.00000002   12.91756112    0.13738432    0.03430567   -0.09155481
   -0.03098809    0.05908916    0.00296083    0.00000003   12.90566496   -0.05719216    0.08911928    0.03528656
    0.15491736    0.18556686    0.11470596    0.00000002   12.91199598    0.28591821    0.27987510    0.10004755
    0.14269039    0.16099226    0.13104435    0.00000003   12.91447067    0.26335191    0.24281128    0.14635350
    0.16348225    0.19453150    0.10975934    0.00000002   12.91325557    0.30172573    0.29339574    0.08148218
    0.07707218    0.02140559   -0.01089267    0.00000001   12.91794489    0.14224577    0.03228428   -0.09529552
    0.04777769    0.08300436   -0.12449533    0.00000003   12.91862011    0.08817934    0.12518860   -0.31041432
    0.09636357   -0.00188670   -0.01329803    0.00000002   12.92055781    0.17785030   -0.00284555   -0.11846281
   -0.02148040    0.06567039    0.00303457    0.00000002   12.90266341   -0.03964460    0.09904521    0.02655662
    0.14246916    0.13851078    0.15072444    0.00000002   12.92561244    0.26294359    0.20890433    0.18857040
    0.14502989    0.16866782    0.12510541    0.00000003   12.91262297    0.26766972    0.25438769    0.13148907
    0.14234368    0.13923035    0.15012328    0.00000002   12.92515874    0.26271201    0.20998959    0.18740442
    0.15507113    0.18575841    0.11460145    0.00000001   12.91201178    0.28620202    0.28016401    0.09968071
    0.07804901    0.02089871   -0.01110294    0.00000002   12.91808407    0.14404862    0.03151979   -0.09665746
    0.09293891   -0.00977463   -0.01320866    0.00000002   12.92010006    0.17152969   -0.01474227   -0.11507084
    0.00030179    0.07321384   -0.00008315    0.00000002   12.89862478    0.00055699    0.11042236   -0.00045959
    0.01916387    0.06700185   -0.00299195    0.00000002   12.90200133    0.03536918    0.10105333   -0.02430027
    0.02803819   -0.07494808   -0.09316105    0.00000001   12.92127946    0.05174777   -0.11303798   -0.22507502
    0.04381266   -0.04694267   -0.00325168    0.00000002   12.91024575    0.08086142   -0.07079974   -0.04789524
    0.07776541   -0.02104673   -0.01104255    0.00000002   12.91804382    0.14352522   -0.03174303   -0.09626347
    0.07656159   -0.02166792   -0.01078008    0.00000003   12.91787151    0.14130341   -0.03267993   -0.09457791
    0.04485390   -0.04581078   -0.00334985    0.00000003   12.91062112    0.08278315   -0.06909261   -0.04907810
    0.05956414   -0.03141800   -0.00636395    0.00000002   12.91494811    0.10993263   -0.04738516   -0.06926260
    0.03572107   -0.05505998   -0.00293149    0.00000002   12.90730776    0.06592743   -0.08304240   -0.03964810
    0.03080962   -0.05923067   -0.00296317    0.00000001   12.90560476    0.05686278   -0.08933271   -0.03512472
   -0.01017589   -0.07117310    0.00227937    0.00000002   12.89978932   -0.01878081   -0.10734449    0.01437762
    0.09647990   -0.00054420   -0.01329770    0.00000002   12.92057341    0.17806501   -0.00082078   -0.11857086
    0.09184748   -0.01110592   -0.01314244    0.00000002   12.91995470    0.16951533   -0.01675014   -0.11390925
    0.04498052   -0.04567239   -0.00336285    0.00000001   12.91066649    0.08301683   -0.06888389   -0.04922420
    0.04478916   -0.08317649   -0.13074341    0.00000002   12.91853686    0.08266367   -0.12544820   -0.32095825
    0.04392288   -0.04682330   -0.00326128    0.00000002   12.91028567    0.08106484   -0.07061971   -0.04801876
    0.01476073   -0.06925217   -0.00277378    0.00000002   12.90083501    0.02724266   -0.10444731   -0.01971869
   -0.01167672   -0.07059655    0.00247679    0.00000002   12.90010822   -0.02155076   -0.10647493    0.01620195
   -0.00371384   -0.07291699    0.00099101    0.00000002   12.89879771   -0.00685434   -0.10997466    0.00558700
   -0.02466366   -0.06367361    0.00303880    0.00000002   12.90361990   -0.04551969   -0.09603362    0.02954121
    0.04421339   -0.08875173    0.14961547    0.00000002   12.90825951    0.08160101   -0.13385687    0.27804805
    0.05009145   -0.08246800   -0.11642109    0.00000003   12.91880179    0.09244966   -0.12437964   -0.29534144
    0.04435508   -0.08318929   -0.13150956    0.00000001   12.91852746    0.08186251   -0.12546751   -0.32218795
    0.04681382   -0.08308359   -0.12674956    0.00000001   12.91858737    0.08640042   -0.12530809   -0.31432535
    0.00209209   -0.07311977   -0.00057031    0.00000002   12.89867969    0.00386121   -0.11028049   -0.00317300
    0.00218070   -0.07311156   -0.00059398    0.00000002   12.89868450    0.00402474   -0.11026810   -0.00330636
    0.04304322   -0.08674802    0.13454483    0.00000002   12.90862291    0.07944132   -0.13083484    0.24697133
    0.01434839   -0.06944355   -0.00274186    0.00000003   12.90073296    0.02648163   -0.10473595   -0.01926512
    0.04100956   -0.08566932    0.12947231    0.00000001   12.90929142    0.07568797   -0.12920794    0.23804424
    0.03654837   -0.07623736   -0.09425330    0.00000001   12.92094359    0.06745432   -0.11498249   -0.23536153
    0.04916480   -0.08043976   -0.10434915    0.00000001   12.91947286    0.09073942   -0.12132063   -0.26870589
    0.04975176   -0.08085729   -0.10607648    0.00000002   12.91933101    0.09182273   -0.12195034   -0.27294179
    0.04662241   -0.04387101   -0.00355452    0.00000003   12.91124757    0.08604715   -0.06616701   -0.05116813
    0.09132703   -0.01167764   -0.01310492    0.00000002   12.91988544    0.16855477   -0.01761241   -0.11334268
    0.09479736   -0.00682429   -0.01328049    0.00000002   12.92034807    0.17495968   -0.01029251   -0.11696136
    0.16757611    0.09721455    0.16719390    0.00000001   12.95220706    0.30928142    0.14662065    0.20025812
    0.14146091    0.14876954    0.14175132    0.00000002   12.91962780    0.26108274    0.22437677    0.17035839
    0.16208735    0.10197763    0.16758429    0.00000003   12.94949142    0.29915127    0.15380441    0.20622211
    0.08483203   -0.01698772   -0.01235033    0.00000002   12.91901808    0.15656749   -0.02562118   -0.10566066
    0.09648833   -0.00024375   -0.01329762    0.00000002   12.92057454    0.17808056   -0.00036763   -0.11857857
    0.09643664    0.00122896   -0.01329781    0.00000002   12.92056761    0.17798516    0.00185354   -0.11853066
    0.07697709   -0.02145455   -0.01087182    0.00000002   12.91793125    0.14207027   -0.03235812   -0.09516212
    0.14365082    0.16466635    0.12809870    0.00000003   12.91344967    0.26512449    0.24835261    0.13916780
    0.15074127    0.11615061    0.16493058    0.00000001   12.94056912    0.27821074    0.17518033    0.21116316
    0.14240690    0.13886225    0.15043156    0.00000002   12.92539038    0.26282869    0.20943441    0.18800339
    0.14523323    0.12801214    0.15864054    0.00000002   12.93255288    0.26804502    0.19307009    0.20288477
    0.09443532    0.00750204   -0.01327070    0.00000002   12.92029969    0.17429149    0.01131471   -0.11660203
    0.09374639    0.00863314   -0.01324638    0.00000002   12.92020773    0.17301999    0.01302065   -0.11590614
    0.09495969    0.00649563   -0.01328416    0.00000003   12.92036978    0.17525927    0.00979681   -0.11712092
    0.14290838    0.16193087    0.13027508    0.00000002   12.91418568    0.26375422    0.24422690    0.14450761
    0.14186847    0.15625186    0.13507850    0.00000002   12.91616139    0.26183495    0.23566173    0.15573330
    0.16304035    0.10108406    0.16755923    0.00000002   12.95001346    0.30091015    0.15245671    0.20527778
    0.18208634    0.08769770    0.16465251    0.00000002   12.95705901    0.33606176    0.13226717    0.18126965
    0.19678345    0.08057061    0.16133599    0.00000003   12.95994479    0.36318700    0.12151797    0.16045188
    0.09619616   -0.00286957   -0.01329815    0.00000003   12.92053534    0.17754133   -0.00432793   -0.11830659
    0.07937321   -0.02019678   -0.01137679    0.00000003   12.91827046    0.14649260   -0.03046114   -0.09847985
    0.15232505    0.18211554    0.11661498    0.00000001   12.91179289    0.28113380    0.27466977    0.10654580
    0.15124220    0.18053240    0.11751418    0.00000002   12.91175202    0.27913527    0.27228206    0.10947748
    0.15885784    0.19008988    0.11224482    0.00000002   12.91249388    0.29319083    0.28669681    0.09111049
    0.17871421    0.08962359    0.16534256    0.00000002   12.95615034    0.32983809    0.13517184    0.18589478
    0.23797180   -0.06551891    0.14759333    0.00000002   12.96138675    0.43920496   -0.09881675    0.09261515
    0.09074597    0.01227740   -0.01305859    0.00000002   12.91980812    0.16748235    0.01851698   -0.11270063
    0.09503548   -0.00633572   -0.01328574    0.00000003   12.92037992    0.17539916   -0.00955564   -0.11719515
    0.09648876    0.00022041   -0.01329765    0.00000002   12.92057460    0.17808135    0.00033242   -0.11857902
    0.14155436    0.15285503    0.13808246    0.00000003   12.91762152    0.26125523    0.23053857    0.16243930
    0.08351397    0.01782580   -0.01214024    0.00000002   12.91883995    0.15413485    0.02688517   -0.10398012
    0.05858375   -0.03216894   -0.00609859    0.00000003   12.91472927    0.10812319   -0.04851774   -0.06777970
    0.17089669   -0.20010609    0.10629300    0.00000001   12.91473023    0.31540994   -0.30180342    0.06715209
    0.16893688   -0.19879766    0.10716075    0.00000002   12.91431478    0.31179289   -0.29983003    0.07083637
    0.19672222   -0.20947877    0.09858760    0.00000002   12.92175315    0.36307400   -0.31593947    0.02656326
    0.09543770   -0.00540242   -0.01329259    0.00000001   12.92043373    0.17614151   -0.00814801   -0.11758576
    0.15905068   -0.19029232    0.11213400    0.00000003   12.91252243    0.29354673   -0.28700213    0.09069369
    0.14519897   -0.12811025    0.15857547    0.00000002   12.93248632    0.26798178   -0.19321806    0.20277791
    0.09580831    0.00435858   -0.01329651    0.00000001   12.92048336    0.17682550    0.00657368   -0.11794053
    0.14162288   -0.15384264    0.13720238    0.00000001   12.91717655    0.26138169   -0.23202810    0.16049658
    0.15731939   -0.18841473    0.11315727    0.00000002   12.91227861    0.29035144   -0.28417033    0.09449633
    0.14381538   -0.16520278    0.12768399    0.00000002   12.91332179    0.26542820   -0.24916166    0.13812872
    0.15745474   -0.18856652    0.11307473    0.00000002   12.91229658    0.29060124   -0.28439924    0.09419361
    0.05156267    0.03856168   -0.00438926    0.00000002   12.91287100    0.09516497    0.05815939   -0.05756791
    0.14152793   -0.14665196    0.14365187    0.00000001   12.92076368    0.26120645   -0.22118299    0.17435276
    0.14235679   -0.15936773    0.13240066    0.00000002   12.91500310    0.26273621   -0.24036114    0.14956057
    0.14167515   -0.15446005    0.13665465    0.00000002   12.91690679    0.26147816   -0.23295929    0.15927852
    0.14332314   -0.16353095    0.12898978    0.00000002   12.91373810    0.26451972   -0.24664018    0.14137625
    0.14302613   -0.13574732    0.15297358    0.00000001   12.92738864    0.26397156   -0.20473642    0.19285088
    0.14816611   -0.12094423    0.16278962    0.00000003   12.93735364    0.27345798   -0.18241016    0.20900008
    0.15943425   -0.10464537    0.16752356    0.00000002   12.94790047    0.29425467   -0.15782793    0.20857246
    0.05055337   -0.03961241   -0.00418823    0.00000002   12.91255854    0.09330219   -0.05974411   -0.05619534
    0.05358755   -0.03654044   -0.00483347    0.00000003   12.91346345    0.09890213   -0.05511091   -0.06040891
    0.17828714   -0.20411484    0.10331636    0.00000002   12.91645315    0.32904989   -0.30784949    0.05388975
    0.09630284    0.00229302   -0.01329814    0.00000002   12.92054966    0.17773822    0.00345837   -0.11840628
    0.14612728   -0.12560316    0.16017748    0.00000002   12.93418970    0.26969509   -0.18943683    0.20532988
    0.15537819   -0.10936368    0.16691391    0.00000001   12.94497729    0.28676873   -0.16494417    0.21106248
    0.15771327   -0.10654016    0.16735593    0.00000002   12.94674255    0.29107839   -0.16068570    0.20982333
    0.15744932   -0.10684384    0.16731941    0.00000001   12.94655492    0.29059123   -0.16114371    0.20999211
    0.07156879   -0.02420018   -0.00959460    0.00000001   12.91712570    0.13208863   -0.03649912   -0.08738029
    0.09448891    0.00740625   -0.01327227    0.00000002   12.92030686    0.17439040    0.01117024   -0.11665548
    0.09608109    0.00338226   -0.01329792    0.00000001   12.92051992    0.17732895    0.00510118   -0.11819854
    0.08672651    0.01567949   -0.01262102    0.00000002   12.91927235    0.16006397    0.02364807   -0.10800936
    0.22808664    0.06890241    0.15199274    0.00000003   12.96176567    0.42096072    0.10391979    0.11124655
    0.21793918    0.07241916    0.15556694    0.00000001   12.96172402    0.40223240    0.10922381    0.12836157
    0.21349347    0.07401021    0.15692655    0.00000002   12.96155094    0.39402732    0.11162347    0.13541951
    0.22145874    0.07118601    0.15441040    0.00000003   12.96179223    0.40872815    0.10736395    0.12260286
    0.07789944   -0.02097688   -0.01107114    0.00000003   12.91806285    0.14377258   -0.03163769   -0.09644977
    0.09644544   -0.00112388   -0.01329778    0.00000003   12.92056879    0.17800141   -0.00169506   -0.11853881
    0.09279899    0.00995742   -0.01320114    0.00000003   12.92008142    0.17127145    0.01501795   -0.11492398
    0.22716318    0.06921869    0.15235115    0.00000002   12.96178099    0.41925636    0.10439681    0.11287483
    0.20677609    0.07651485    0.15880949    0.00000001   12.96109455    0.38162960    0.11540100    0.14571802
    0.21867364    0.07216016    0.15533193    0.00000002   12.96174316    0.40358792    0.10883318    0.12717337
    0.22371475    0.07040443    0.15362574    0.00000002   12.96180534    0.41289188    0.10618516    0.11881906
    0.23635445    0.06607403    0.14839422    0.00000002   12.96147397    0.43621995    0.09965398    0.09583660
    0.07874996    0.02052956   -0.01124951    0.00000002   12.91818304    0.14534231    0.03096303   -0.09762555
    0.08640603    0.01591075   -0.01257796    0.00000003   12.91922945    0.15947249    0.02399687   -0.10761787
    0.09434125   -0.00766746   -0.01326781    0.00000002   12.92028713    0.17411787   -0.01156420   -0.11650794
    0.19200043    0.20855097    0.09935406    0.00000003   12.92028059    0.35435938    0.31454014    0.03261308
    0.20524698    0.21074724    0.09805998    0.00000002   12.92451421    0.37880745    0.31785259    0.01746841
    0.20775690    0.21106080    0.09811072    0.00000002   12.92533513    0.38343980    0.31832550    0.01523056
   -0.26846431   -0.05677550   -0.12167597    0.00000002   12.95918591   -0.49548247   -0.08562978   -0.00878769
   -0.26074491   -0.05808788   -0.13062028    0.00000002   12.95958102   -0.48123540   -0.08760913   -0.03509639
    0.24151025   -0.06430074    0.14570470    0.00000002   12.96116550    0.44573558   -0.09697948    0.08527600
    0.26238209    0.05770046    0.12884938    0.00000002   12.95946574    0.48425701    0.08702482    0.02978578
    0.18330748    0.20611899    0.10159666    0.00000002   12.91776360    0.33831552    0.31087219    0.04552602
    0.22586481    0.21303967    0.10089248    0.00000002   12.93096760    0.41686008    0.32131008    0.00424223
    0.23049947    0.21350592    0.10217386    0.00000002   12.93224500    0.42541388    0.32201329    0.00264526
   -0.26499714    0.05719198   -0.12586499    0.00000003   12.95931266   -0.48908339    0.08625793   -0.02097072
   -0.24554997    0.06290695   -0.14328336    0.00000002   12.96086788   -0.45319135    0.09487734   -0.07633115
   -0.21650883    0.07292639   -0.15601579    0.00000002   12.96167911   -0.39959251    0.10998883   -0.13065674
    0.21001711   -0.07528877    0.15792370    0.00000001   12.96134491    0.38761128   -0.11355181    0.14079763
    0.18033362    0.20499454    0.10258244    0.00000001   12.91697378    0.33282690    0.30917627    0.05041015
    0.22797455    0.21325400    0.10145165    0.00000001   12.93156031    0.42075385    0.32163334    0.00346377
    0.19031860   -0.20816367    0.09970688    0.00000002   12.91977178    0.35125536   -0.31395600    0.03493833
    0.21147869   -0.21149772    0.09834917    0.00000003   12.92654586    0.39030881   -0.31898448    0.01226062
    0.21580752   -0.21197914    0.09885834    0.00000002   12.92793087    0.39829816   -0.31971056    0.00930114
    0.23605050   -0.21403678    0.10394599    0.00000002   12.93364551    0.43565897   -0.32281393    0.00123928
    0.25157085   -0.21524375    0.10994843    0.00000002   12.93664033    0.46430360   -0.32463430   -0.00045529
    0.17975126   -0.20475337    0.10278687    0.00000002   12.91682372    0.33175210   -0.30881254    0.05139090
    0.15340709   -0.18360965    0.11578155    0.00000002   12.91186192    0.28313084   -0.27692322    0.10375528
    0.17326101   -0.20154102    0.10528896    0.00000002   12.91525464    0.31977357   -0.30396762    0.06279875
    0.19977065   -0.20997930    0.09827243    0.00000003   12.92273039    0.36870024   -0.31669437    0.02304094
    0.21527615   -0.21192117    0.09878311    0.00000003   12.92776272    0.39731746   -0.31962313    0.00963726
    0.22043816   -0.21247530    0.09965691    0.00000002   12.92936729    0.40684456   -0.32045888    0.00667731
    0.24437308   -0.21474684    0.10700347    0.00000003   12.93543556    0.45101927   -0.32388485   -0.00001361
    0.08940071    0.01354089   -0.01293435    0.00000001   12.91962909    0.16499952    0.02042261   -0.11117792
    0.19767510   -0.08018835    0.16112087    0.00000001   12.96007179    0.36483266   -0.12094143    0.15915919
    0.20060341   -0.21010557    0.09821103    0.00000002   12.92299992    0.37023719   -0.31688481    0.02213144
    0.20153707   -0.21024260    0.09815469    0.00000002   12.92330307    0.37196037   -0.31709148    0.02113844
    0.20844498   -0.21114377    0.09814029    0.00000003   12.92555979    0.38470973   -0.31845065    0.01465052
    0.19584846   -0.08097641    0.16155982    0.00000002   12.95980622    0.36146136   -0.12213000    0.16180365
    0.16839168   -0.09657686    0.16709464    0.00000001   12.95255759    0.31078666   -0.14565888    0.19928388
    0.20868358   -0.07578888    0.15829289    0.00000002   12.96124882    0.38515010   -0.11430608    0.14283224
    0.21160252   -0.07470141    0.15747543    0.00000003   12.96144674    0.39053734   -0.11266595    0.13835874
    0.09506157    0.00627933   -0.01328630    0.00000002   12.92038340    0.17544731    0.00947060   -0.11722074
    0.21723119   -0.21213335    0.09907711    0.00000002   12.92837829    0.40092571   -0.31994315    0.00843737
    0.21732305   -0.21214321    0.09909206    0.00000002   12.92840701    0.40109526   -0.31995802    0.00838339
    0.21721476   -0.07267552    0.15579568    0.00000003   12.96170252    0.40089540   -0.10961046    0.12952702
    0.21041875   -0.07513927    0.15781110    0.00000002   12.96137198    0.38835256   -0.11332634    0.14018183
    0.21948977   -0.07187346    0.15506698    0.00000002   12.96176137    0.40509418   -0.10840078    0.12584491
    0.21768524   -0.07250893    0.15564749    0.00000002   12.96171677    0.40176371   -0.10935921    0.12877089
    0.23497155   -0.06654789    0.14905124    0.00000002   12.96154114    0.43366763   -0.10036867    0.09853177
    0.09629284   -0.00235321   -0.01329812    0.00000002   12.92054832    0.17771976   -0.00354916   -0.11839689
    0.09619410    0.00287974   -0.01329810    0.00000002   12.92053507    0.17753753    0.00434328   -0.11830456
    0.08172991    0.01888804   -0.01182960    0.00000001   12.91859671    0.15084217    0.02848726   -0.10164936
   -0.26875454    0.05675571   -0.12131711    0.00000002   12.95917985   -0.49601811    0.08559993   -0.00775034
   -0.25118602    0.06098432   -0.13932431    0.00000002   12.96039409   -0.46359334    0.09197759   -0.06261165
   -0.25332487    0.06027693   -0.13761192    0.00000002   12.96020485   -0.46754084    0.09091069   -0.05695700
   -0.25673716    0.05920288   -0.13460691    0.00000003   12.95990520   -0.47383864    0.08929080   -0.04735269
    0.26496566   -0.05719715    0.12590195    0.00000002   12.95931423    0.48902529   -0.08626572    0.02107905
   -0.26882576   -0.05675120   -0.12122883    0.00000002   12.95917847   -0.49614957   -0.08559313   -0.00749532
    0.25981686    0.05832723    0.13158800    0.00000001   12.95965160    0.47952258    0.08797013    0.03802963
    0.23990685    0.06485335    0.14658502    0.00000003   12.96127073    0.44277631    0.09781293    0.08865396
   -0.26473510    0.05723606   -0.12617195    0.00000002   12.95932601   -0.48859977    0.08632440   -0.02187091
   -0.25599056    0.05943040   -0.13529437    0.00000002   12.95996981   -0.47246069    0.08963395   -0.04951807
   -0.23503435    0.06652637   -0.14902190    0.00000001   12.96153824   -0.43378354    0.10033620   -0.09841044
   -0.22898936    0.06859350   -0.15163493    0.00000002   12.96174717   -0.42262681    0.10345389   -0.10963891
   -0.26721793   -0.05688785   -0.12320531    0.00000002   12.95922021   -0.49318212   -0.08579923   -0.01321734
   -0.24537217   -0.06296824   -0.14339667    0.00000002   12.96088187   -0.45286320   -0.09496977   -0.07673924
   -0.24322625   -0.06370860   -0.14471359    0.00000002   12.96104442   -0.44890266   -0.09608641   -0.08155630
   -0.26343376    0.05747822   -0.12767099    0.00000002   12.95939907   -0.48619800    0.08668963   -0.02628727
    0.25816179    0.21557812    0.11281980    0.00000002   12.93743303    0.47646794    0.32513861   -0.00048683
   -0.25858357    0.21559514   -0.11300779    0.00000002   12.93747314   -0.47724640    0.32516428    0.00047981
   -0.23758756    0.21417675   -0.10447734    0.00000002   12.93400558   -0.43849580    0.32302504   -0.00093676
   -0.24907634    0.21508597   -0.10890161    0.00000003   12.93626136   -0.45969969    0.32439633    0.00035813
   -0.26941394   -0.05671981   -0.12049883    0.00000002   12.95916887   -0.49723512   -0.08554579   -0.00538722
    0.26538943   -0.05712906    0.12540262    0.00000002   12.95929359    0.48980741   -0.08616302    0.01961703
    0.23161431    0.06769614    0.15054910    0.00000002   12.96167425    0.42747146    0.10210048    0.10486736
    0.24500766    0.21479555    0.10725325    0.00000002   12.93555521    0.45219046    0.32395832   -0.00007360
   -0.26504163    0.21578674   -0.11593118    0.00000002   12.93792153   -0.48916551    0.32545325    0.00027608
   -0.24857359    0.21505222   -0.10869379    0.00000001   12.93617995   -0.45877181    0.32434543    0.00033181
   -0.23658603    0.21408595   -0.10412924    0.00000002   12.93377239   -0.43664735    0.32288809   -0.00112987
   -0.22831920    0.21328870   -0.10154693    0.00000002   12.93165539   -0.42138994    0.32168567   -0.00334500
   -0.26512441   -0.05717118   -0.12571540    0.00000002   12.95930636   -0.48931829   -0.08622656   -0.02053243
    0.26244643    0.05768622    0.12877827    0.00000002   12.95946148    0.48437576    0.08700334    0.02957383
   -0.26524708    0.05715146   -0.12557086    0.00000002   12.95930038   -0.48954469    0.08619681   -0.02010922
   -0.26154575    0.21569946   -0.11433950    0.00000003   12.93771762   -0.48271346    0.32532162    0.00040597
    0.23594607   -0.21402716    0.10391052    0.00000002   12.93362059    0.43546622   -0.32279943    0.00126120
   -0.25585777   -0.21547551   -0.11180083    0.00000002   12.93719115   -0.47221562   -0.32498384    0.00050829
   -0.25824354   -0.21558143   -0.11285617    0.00000003   12.93744092   -0.47661883   -0.32514360    0.00048561
   -0.26265654   -0.21573144   -0.11484319    0.00000003   12.93779242   -0.48476354   -0.32536985    0.00036909
    0.16050712   -0.19177078    0.11131968    0.00000002   12.91274796    0.29623478   -0.28923198    0.08759398
    0.14145724   -0.14912410    0.14143235    0.00000002   12.91944371    0.26107599   -0.22491152    0.16968092
    0.19666778   -0.20946921    0.09859461    0.00000003   12.92173588    0.36297351   -0.31592505    0.02662911
    0.26383204   -0.21576101    0.11537848    0.00000002   12.93786144    0.48693306   -0.32541445   -0.00032522
    0.26440715   -0.21577380    0.11564102    0.00000002   12.93789142    0.48799450   -0.32543374   -0.00030239
   -0.26379121   -0.21576000   -0.11535983    0.00000003   12.93785925   -0.48685771   -0.32541293    0.00032687
   -0.25538053   -0.21545227   -0.11159167    0.00000002   12.93713627   -0.47133481   -0.32494880    0.00050867
   -0.26228370   -0.05772241   -0.12895810    0.00000001   12.95947231   -0.48407542   -0.08705792   -0.03010984
    0.23863047   -0.06529248    0.14725641    0.00000003   12.96134864    0.44042061   -0.09847524    0.09128025
    0.25465067   -0.21541555    0.11127313    0.00000002   12.93704914    0.46998777   -0.32489341   -0.00050641
    0.25648930   -0.21550521    0.11207871    0.00000001   12.93726128    0.47338117   -0.32502864   -0.00050542
   -0.26858512   -0.21583471   -0.11755877    0.00000002   12.93803318   -0.49570544   -0.32552560    0.00011403
   -0.26197424   -0.21571225   -0.11453357    0.00000002   12.93774759   -0.48350427   -0.32534091    0.00039223
   -0.26930425   -0.05672488   -0.12063520    0.00000002   12.95917042   -0.49703267   -0.08555344   -0.00578086
   -0.26444443   -0.05728681   -0.12651043    0.00000003   12.95934136   -0.48806330   -0.08640095   -0.02286516
   -0.25439584   -0.05993116   -0.13670600    0.00000001   12.96010991   -0.46951745   -0.09038920   -0.05402208
   -0.26683188   -0.05693141   -0.12367438    0.00000002   12.95923350   -0.49246962   -0.08586492   -0.01457951
    0.26560724   -0.05709584    0.12514429    0.00000003   12.95928350    0.49020941   -0.08611292    0.01886199
    0.23047780   -0.06808459    0.15102782    0.00000002   12.96170927    0.42537390   -0.10268634    0.10695161
   -0.25682639   -0.21552061   -0.11222747    0.00000002   12.93729751   -0.47400332   -0.32505186    0.00050298
    0.26885852   -0.05674914    0.12118832    0.00000002   12.95917784    0.49621002   -0.08559002    0.00737823
   -0.25685773   -0.05916668   -0.13449426    0.00000002   12.95989487   -0.47406116   -0.08923619   -0.04699953
   -0.24653274   -0.06256855   -0.14264552    0.00000002   12.96078936   -0.45500517   -0.09436696   -0.07405094
   -0.25244328    0.06056610   -0.13833295    0.00000001   12.96028306   -0.46591377    0.09134682   -0.05932022
   -0.26389206   -0.05738860   -0.12714803    0.00000002   12.95937209   -0.48704385   -0.08655447   -0.02474253
    0.21964285   -0.07181980    0.15501679    0.00000001   12.96176444    0.40537672   -0.10831984    0.12559469
    0.26842182   -0.05677862    0.12172843    0.00000002   12.95918686    0.49540405   -0.08563448    0.00893939
   -0.26540158   -0.05712719   -0.12538819    0.00000001   12.95929303   -0.48982983   -0.08616021   -0.01957486
   -0.24600304    0.06275087   -0.14299190    0.00000002   12.96083195   -0.45402755    0.09464193   -0.07528547
   -0.09234157    0.01052819    0.01317456    0.00000002   12.92002049   -0.17042724    0.01587879    0.11443967
   -0.06808565   -0.02603161    0.00869301    0.00000002   12.91656475   -0.12566008   -0.03926132    0.08219983
   -0.09568861   -0.00472248    0.01329549    0.00000002   12.92046733   -0.17660458   -0.00712252    0.11782647
   -0.19542668   -0.08116124   -0.16166017    0.00000002   12.95974189   -0.36068293   -0.12240877   -0.16241214
   -0.23906784    0.06514213   -0.14702918    0.00000003   12.96132256   -0.44122782    0.09824848   -0.09038636
   -0.24995203    0.06140001   -0.14025658    0.00000002   12.96050186   -0.46131588    0.09260454   -0.06575520
   -0.22191415    0.07102770   -0.15425494    0.00000002   12.96179675   -0.40956867    0.10712519   -0.12184530
   -0.08952373   -0.01343164    0.01294670    0.00000002   12.91964547   -0.16522657   -0.02025782    0.11131927
   -0.09552958   -0.00516399    0.01329376    0.00000002   12.92044602   -0.17631108   -0.00778842    0.11767413
   -0.09410029    0.00807430    0.01325982    0.00000002   12.92025496   -0.17367316    0.01217780    0.11626564
   -0.17193309   -0.20075387   -0.10584716    0.00000002   12.91495701   -0.31732274   -0.30278042   -0.06523160
   -0.17507686   -0.09186922   -0.16603789    0.00000002   12.95503950   -0.32312494   -0.13855873   -0.19077910
   -0.20163914    0.07854083   -0.16014190    0.00000002   12.96057719   -0.37214875    0.11845662   -0.15336404
   -0.20785061    0.07610430   -0.15852007    0.00000003   12.96118390   -0.38361276    0.11478181   -0.14409579
   -0.19769070    0.08018170   -0.16111706    0.00000002   12.96007396   -0.36486144    0.12093141   -0.15913648
   -0.20050810    0.21009132   -0.09821747    0.00000003   12.92296901   -0.37006128    0.31686333   -0.02223429
   -0.18910111    0.20786112   -0.09998761    0.00000002   12.91940950   -0.34900834    0.31349970   -0.03667564
   -0.19640105    0.20942209   -0.09862908    0.00000003   12.92165122   -0.36248124    0.31585398   -0.02695202
   -0.15315436   -0.18326803   -0.11597096    0.00000002   12.91184353   -0.28266440   -0.27640797   -0.10439584
   -0.19218892    0.08261811   -0.16241868    0.00000002   12.95920909   -0.35470726    0.12460604   -0.16705780
   -0.19971970    0.07932843   -0.16062071    0.00000002   12.96034436   -0.36860619    0.11964449   -0.15618033
   -0.18704464    0.08509103   -0.16358249    0.00000002   12.95821274   -0.34521288    0.12833574   -0.17435076
   -0.20497014    0.21071147   -0.09805999    0.00000002   12.92442363   -0.37829650    0.31779864   -0.01772723
   -0.19389746    0.20894965   -0.09900597    0.00000001   12.92086505   -0.35786057    0.31514144   -0.03009678
   -0.19097579    0.20831905   -0.09956412    0.00000002   12.91996950   -0.35246829    0.31419035   -0.03401929
   -0.16523933    0.19601197   -0.10888994    0.00000002   12.91358022   -0.30496863    0.29562860   -0.07798389
   -0.16696511    0.19736578   -0.10806714    0.00000003   12.91391477   -0.30815376    0.29767045   -0.07461430
   -0.15810208   -0.10609948   -0.16740417    0.00000001   12.94701387   -0.29179599   -0.16002105   -0.20956286
   -0.18901432    0.08411909   -0.16314287    0.00000001   12.95861696   -0.34884816    0.12686985   -0.17157114
   -0.15511197    0.18580911   -0.11457373    0.00000002   12.91201599   -0.28627739    0.28024048   -0.09958336
   -0.20398953    0.21058250   -0.09806917    0.00000002   12.92410295   -0.37648667    0.31760414   -0.01866344
   -0.23075683   -0.21353127   -0.10225058    0.00000001   12.93231322   -0.42588887   -0.32205151   -0.00256846
   -0.22761038   -0.21321726   -0.10135220    0.00000002   12.93145928   -0.42008173   -0.32157792   -0.00359190
   -0.20461252   -0.21066487   -0.09806169    0.00000002   12.92430664   -0.37763648   -0.31772837   -0.01806514
   -0.20614407   -0.21086144   -0.09806763    0.00000002   12.92480774   -0.38046313   -0.31802484   -0.01664621
    0.18890230   -0.08417348    0.16316810    0.00000002   12.95859474    0.34864142   -0.12695188    0.17172972
    0.20841609   -0.07588994    0.15836616    0.00000002   12.96122839    0.38465641   -0.11445850    0.14323866
    0.19008840   -0.08360260    0.16289996    0.00000003   12.95882530    0.35083050   -0.12609087    0.17004862
   -0.21522323   -0.21191537   -0.09877575    0.00000001   12.92774595   -0.39721980   -0.31961439   -0.00967101
   -0.21014531   -0.21134428   -0.09824182    0.00000002   12.92611358   -0.38784789   -0.31875306   -0.01327786
   -0.18738718   -0.20740065   -0.10041763    0.00000002   12.91890866   -0.34584508   -0.31280521   -0.03919569
   -0.18660302   -0.08531360   -0.16368000    0.00000003   12.95811806   -0.34439782   -0.12867143   -0.17497172
   -0.18280868   -0.20594234   -0.10175494    0.00000002   12.91762842   -0.33739493   -0.31060576   -0.04633014
    0.26903725   -0.05673876    0.12096672    0.00000001   12.95917467    0.49653990   -0.08557437    0.00673812
    0.19929772   -0.07950410    0.16072471    0.00000002   12.96029021    0.36782738   -0.11990944    0.15679678
   -0.24083021   -0.21445976   -0.10564977    0.00000002   12.93472240   -0.44448049   -0.32345188   -0.00040842
   -0.22750348   -0.21320647   -0.10132321    0.00000002   12.93142951   -0.41988443   -0.32156164   -0.00362993
   -0.19651918   -0.20944305   -0.09861370    0.00000003   12.92168869   -0.36269925   -0.31588559   -0.02680877
   -0.17268125   -0.20120320   -0.10553086    0.00000002   12.91512371   -0.31870356   -0.30345811   -0.06385707
   -0.14229016   -0.15900676   -0.13270609    0.00000002   12.91512816   -0.26261322   -0.23981672   -0.15027486
   -0.09267115    0.01012077    0.01319400    0.00000002   12.92006439   -0.17103551    0.01526431    0.11478925
   -0.22127930   -0.07124841   -0.15447134    0.00000003   12.96179018   -0.40839698   -0.10745807   -0.12290067
   -0.20701331   -0.07642385   -0.15874598    0.00000003   12.96111482   -0.38206741   -0.11526376   -0.14536072
   -0.21393823   -0.07384898   -0.15679508    0.00000001   12.96157275   -0.39484817   -0.11138030   -0.13472312
   -0.19261191   -0.20868371   -0.09923605    0.00000002   12.92046780   -0.35548793   -0.31474035   -0.03178959
    0.24881855   -0.06178521    0.14107906    0.00000003   12.96059926    0.45922389   -0.09318551    0.06857043
   -0.09614301    0.00311695    0.01329803    0.00000002   12.92052822   -0.17744324    0.00470104    0.11825665
   -0.07465057   -0.02263845    0.01034369    0.00000002   12.91759258   -0.13777640   -0.03414370    0.09186003
   -0.04915990    0.04109960    0.00393562    0.00000001   12.91210963   -0.09073037    0.06198712    0.05435356
   -0.09131373   -0.01169184    0.01310390    0.00000002   12.91988367   -0.16853023   -0.01763383    0.11332806
   -0.21545642   -0.07330231   -0.15633895    0.00000002   12.96163960   -0.39765016   -0.11055579   -0.13233032
   -0.20039686   -0.07904852   -0.16045283    0.00000003   12.96042903   -0.36985599   -0.11922234   -0.15518899
   -0.19833098   -0.07991006   -0.16096146    0.00000003   12.96016203   -0.36604315   -0.12052172   -0.15820582
   -0.08666629   -0.01572339    0.01261304    0.00000002   12.91926430   -0.15995282   -0.02371428    0.10793604
   -0.09385274   -0.00846948    0.01325065    0.00000002   12.92022191   -0.17321627   -0.01277381    0.11601467
   -0.09486289    0.00669376    0.01328204    0.00000002   12.92035683   -0.17508062    0.01009564    0.11702591
   -0.08870354    0.01413965    0.01286089    0.00000001   12.91953625   -0.16371283    0.02132567    0.11036944
   -0.19233072    0.08255281   -0.16238590    0.00000003   12.95923390   -0.35496898    0.12450756   -0.16685525
   -0.15690558    0.10748121   -0.16723414    0.00000002   12.94615932   -0.28958771    0.16210499   -0.21031833
   -0.15513823    0.10967280   -0.16685160    0.00000002   12.94478132   -0.28632586    0.16541039   -0.21115378
   -0.09405884   -0.00814203    0.01325835    0.00000002   12.92024942   -0.17359666   -0.01227994    0.11622377
   -0.09627322    0.00246692    0.01329817    0.00000002   12.92054568   -0.17768356    0.00372065    0.11837866
   -0.09644183   -0.00116663    0.01329781    0.00000002   12.92056830   -0.17799474   -0.00175953    0.11853551
   -0.09640267    0.00156909    0.01329797    0.00000002   12.92056305   -0.17792246    0.00236654    0.11849923
   -0.07076330   -0.02461434    0.00939074    0.00000002   12.91699950   -0.13060200   -0.03712377    0.08619218
   -0.14812342    0.12103248   -0.16274484    0.00000001   12.93729393   -0.27337920    0.18254326   -0.20894440
   -0.15823297    0.10595284   -0.16741899    0.00000002   12.94710388   -0.29203757    0.15979988   -0.20947215
   -0.15124963    0.11530803   -0.16524547    0.00000002   12.94112705   -0.27914898    0.17390955   -0.21136013
   -0.14453537    0.13011606   -0.15720352    0.00000002   12.93112971   -0.26675703    0.19624326   -0.20046957
   -0.14777120    0.17467915   -0.12104092    0.00000002   12.91190683   -0.27272914    0.26345408   -0.12025036
   -0.14533422    0.16943398   -0.12455893    0.00000002   12.91249760   -0.26823139    0.25554322   -0.13003807
   -0.06574736   -0.02734739    0.00806341    0.00000001   12.91616202   -0.12134448   -0.04124580    0.07867013
   -0.05935482    0.03157552    0.00630704    0.00000002   12.91490210   -0.10954630    0.04762274    0.06894543
   -0.14155704    0.15289898   -0.13804324    0.00000002   12.91760139   -0.26126017    0.23060486   -0.16235307
   -0.15305418    0.11253231   -0.16614692    0.00000002   12.94294524   -0.28247949    0.16972315   -0.21159762
   -0.14188797    0.14239653   -0.14741405    0.00000002   12.92321452   -0.26187094    0.21476488   -0.18204713
   -0.14469672    0.16778856   -0.12574320    0.00000003   12.91277973   -0.26705481    0.25306158   -0.13316198
   -0.08991626    0.01307514    0.01298474    0.00000001   12.91969772   -0.16595103    0.01972015    0.11176741
   -0.05674597   -0.03366979    0.00561260    0.00000001   12.91429448   -0.10473136   -0.05078135    0.06502443
   -0.07061504    0.02469099    0.00935288    0.00000001   12.91697607   -0.13032836    0.03723937    0.08597279
   -0.16663409   -0.09797140   -0.16729764    0.00000002   12.95178689   -0.30754282   -0.14776215   -0.20136012
   -0.14582239    0.17059979   -0.12374381    0.00000001   12.91232650   -0.26913237    0.25730151   -0.12784175
   -0.14146108    0.14875731   -0.14176233    0.00000002   12.91963419   -0.26108306    0.22435832   -0.17038173
   -0.14830401    0.17567394   -0.12041487    0.00000001   12.91184482   -0.27371249    0.26495444   -0.11841593
   -0.15901309    0.19025302   -0.11215555    0.00000002   12.91251683   -0.29347736    0.28694286   -0.09077482
   -0.16401142   -0.19498861   -0.10949389    0.00000003   12.91335153   -0.30270237   -0.29408515   -0.08042089
   -0.15346310   -0.18368486   -0.11573986    0.00000002   12.91186612   -0.28323420   -0.27703664   -0.10361393
   -0.15072538   -0.17974219   -0.11797030    0.00000002   12.91174430   -0.27818141   -0.27109025   -0.11093424
   -0.14275683   -0.16128691   -0.13080169    0.00000003   12.91437943   -0.26347451   -0.24325567   -0.14577340
    0.15053475    0.17944468    0.11814344    0.00000003   12.91174358    0.27782959    0.27064153    0.11148202
    0.23692119   -0.06587966    0.14811772    0.00000002   12.96144446    0.43726592   -0.09936082    0.09471660
   -0.21941246   -0.21236664   -0.09945869    0.00000002   12.92905407   -0.40495150   -0.32029500   -0.00721294
   -0.16629730   -0.19685335   -0.10838210    0.00000002   12.91378354   -0.30692123   -0.29689759   -0.07591088
   -0.14475152   -0.12943961   -0.15767475    0.00000002   12.93158631   -0.26715595   -0.19522303   -0.20127343
   -0.14146076   -0.15029663   -0.14037741    0.00000002   12.91884792   -0.26108247   -0.22667995   -0.16742571
   -0.14797598   -0.17506657   -0.12079563    0.00000003   12.91188086   -0.27310708   -0.26403839   -0.11953534
   -0.14504926   -0.16871750   -0.12506977    0.00000003   12.91261455   -0.26770546   -0.25446262   -0.13139490
    0.14724553    0.17365323    0.12169958    0.00000002   12.91198693    0.27175894    0.26190677    0.12214776
   -0.23680138   -0.06592073   -0.14817654    0.00000001   12.96145079   -0.43704480   -0.09942277   -0.09495417
   -0.16923497   -0.19900391   -0.10702669    0.00000001   12.91437683   -0.31234305   -0.30014111   -0.07027155
   -0.15678485   -0.18780663   -0.11348756    0.00000003   12.91220955   -0.28936488   -0.28325316   -0.09570105
   -0.14532026   -0.16939941   -0.12458343    0.00000002   12.91250308   -0.26820563   -0.25549109   -0.13010343
   -0.14869131   -0.17637150   -0.11998294    0.00000002   12.91181033   -0.27442730   -0.26600652   -0.11713189
   -0.09631519    0.00221572    0.01329812    0.00000002   12.92055131   -0.17776102    0.00334178    0.11841778
   -0.09563386    0.00487906    0.01329493    0.00000001   12.92046000   -0.17650355    0.00735868    0.11777410
   -0.23156428   -0.06771322   -0.15057049    0.00000002   12.96167590   -0.42737912   -0.10212624   -0.10495980
   -0.20676157   -0.07652042   -0.15881335    0.00000003   12.96109329   -0.38160279   -0.11540940   -0.14573984
   -0.14183575   -0.14284892   -0.14701963    0.00000002   12.92294442   -0.26177457   -0.21544718   -0.18125400
   -0.14227021   -0.15889623   -0.13279984    0.00000003   12.91516687   -0.26257641   -0.23965001   -0.15049362
   -0.08825652    0.01450685    0.01281068    0.00000002   12.91947667   -0.16288778    0.02187947    0.10984441
   -0.07728941    0.02129350    0.01094002    0.00000002   12.91797597   -0.14264670    0.03211521    0.09559966
   -0.09260998    0.01019770    0.01319053    0.00000002   12.92005623   -0.17092262    0.01538034    0.11472467
   -0.09230286    0.01057497    0.01317215    0.00000002   12.92001534   -0.17035578    0.01594935    0.11439835
   -0.14253415   -0.16026449   -0.13164822    0.00000002   12.91470308   -0.26306355   -0.24171364   -0.14778860
   -0.14639605   -0.12492981   -0.16058524    0.00000002   12.93464775   -0.27019113   -0.18842128   -0.20594909
   -0.14226067   -0.15884268   -0.13284531    0.00000002   12.91518573   -0.26255880   -0.23956925   -0.15059961
   -0.15614288   -0.18705749   -0.11389442    0.00000003   12.91213099   -0.28818005   -0.28212331   -0.09716963
   -0.06483231   -0.02788902    0.00781340    0.00000002   12.91599737   -0.11965566   -0.04206270    0.07728110
   -0.06850331    0.02580545    0.00880365    0.00000003   12.91663425   -0.12643092    0.03892022    0.08282641
   -0.05532937    0.03491216    0.00525240    0.00000002   12.91393548   -0.10211686    0.05265512    0.06293136
   -0.04009821    0.05084567    0.00302079    0.00000002   12.90889008   -0.07400597    0.07668631    0.04393027
   -0.14618631    0.12545346   -0.16026898    0.00000001   12.93429154   -0.26980402    0.18921106   -0.20547004
   -0.14981500    0.17828894   -0.11882393    0.00000002   12.91175279   -0.27650120    0.26889844   -0.11360742
   -0.08607168    0.01614749    0.01253182    0.00000002   12.91918466   -0.15885541    0.02435392    0.10720684
   -0.06156312   -0.02998554    0.00691231    0.00000001   12.91536928   -0.11362198   -0.04522470    0.07230171
    0.00065381    0.07320642   -0.00017987    0.00000001   12.89862912    0.00120669    0.11041118   -0.00099512
   -0.05003960    0.08111012    0.10724132    0.00000002   12.91924608   -0.09235397    0.12233167    0.27569738
   -0.04915405    0.08043289    0.10432255    0.00000002   12.91947520   -0.09071958    0.12131026    0.26863905
   -0.04979790    0.08089477    0.10624289    0.00000003   12.91931836   -0.09190789    0.12200688    0.27334015
   -0.15584059    0.10877864   -0.16702433    0.00000003   12.94534675   -0.28762215    0.16406180   -0.21086596
   -0.04454816    0.08795258   -0.14193091    0.00000002   12.90813599   -0.08221888    0.13265159   -0.26133128
   -0.04429833    0.08765701   -0.13985136    0.00000002   12.90821431   -0.08175777    0.13220580   -0.25712569
   -0.01024312    0.07114854    0.00228897    0.00000003   12.89980301   -0.01890488    0.10730745    0.01446095
   -0.04547503    0.04513112    0.00341612    0.00000003   12.91084297   -0.08392951    0.06806752    0.04980016
   -0.05022245    0.08238091    0.11556437    0.00000002   12.91882995   -0.09269143    0.12424829    0.29363510
   -0.05046413    0.08207801    0.11300938    0.00000001   12.91892785   -0.09313750    0.12379146    0.28840701
   -0.04713653    0.08306071    0.12602812    0.00000003   12.91859735   -0.08699602    0.12527358    0.31308698
   -0.04299087    0.08671667   -0.13438221    0.00000003   12.90864011   -0.07934470    0.13078757   -0.24667314
   -0.04267818    0.08653488   -0.13346130    0.00000002   12.90874292   -0.07876760    0.13051338   -0.24499959
   -0.04304933    0.08675169   -0.13456376    0.00000003   12.90862090   -0.07945261    0.13084038   -0.24700603
   -0.03529611    0.05544410    0.00293024    0.00000001   12.90715687   -0.06514313    0.08362174    0.03924820
   -0.04441803    0.04628587    0.00330675    0.00000002   12.91046446   -0.08197870    0.06980914    0.04857867
   -0.01016133    0.07117842    0.00227727    0.00000002   12.89978635   -0.01875393    0.10735251    0.01435950
   -0.04241720    0.08323261    0.13465869    0.00000002   12.91848656   -0.07828593    0.12553284    0.32709879
   -0.01220629    0.08486643    0.16202409    0.00000002   12.91696279   -0.02252814    0.12799700    0.35727461
   -0.04429633    0.08871547   -0.14913786    0.00000001   12.90823227   -0.08175410    0.13380219   -0.27695099
   -0.02473348   -0.06362755    0.00303834    0.00000002   12.90364146   -0.04564854   -0.09596415    0.02960549
   -0.04680228    0.04367344    0.00357817    0.00000003   12.91131027   -0.08637912    0.06586903    0.05138674
   -0.04151447    0.04938763    0.00308864    0.00000002   12.90940812   -0.07661985    0.07448727    0.04539896
   -0.14269627   -0.13731126   -0.15171287    0.00000002   12.92637721   -0.26336275   -0.20709519   -0.19046805
   -0.14324022   -0.16322725   -0.12923110    0.00000002   12.91381936   -0.26436667   -0.24618213   -0.14196890
   -0.14956641   -0.17787739   -0.11906937    0.00000002   12.91176060   -0.27604240   -0.26827773   -0.11436373
   -0.14845024   -0.17593968   -0.12024966    0.00000001   12.91183083   -0.27398237   -0.26535524   -0.11792657
   -0.16906495   -0.09606212   -0.16700666    0.00000002   12.95283817   -0.31202926   -0.14488253   -0.19846674
   -0.14152300   -0.15228195   -0.13859504    0.00000002   12.91788717   -0.26119734   -0.22967424   -0.16356280
   -0.14838029   -0.17581295   -0.12032839    0.00000003   12.91183736   -0.27385327   -0.26516410   -0.11816001
   -0.14446075   -0.16713688   -0.12622314    0.00000002   12.91290482   -0.26661930   -0.25207870   -0.13440706
   -0.14158630   -0.14564630   -0.14454980    0.00000002   12.92132376   -0.26131418   -0.21966623   -0.17621494
   -0.14213741   -0.15811854   -0.13346326    0.00000002   12.91544606   -0.26233130   -0.23847708   -0.15203392
   -0.03154647   -0.05864184    0.00295376    0.00000001   12.90585412   -0.05822272   -0.08844463    0.03579341
   -0.00730088   -0.07211291    0.00179356    0.00000003   12.89926007   -0.01347464   -0.10876192    0.01065314
   -0.14845244   -0.17594371   -0.12024716    0.00000001   12.91183061   -0.27398644   -0.26536131   -0.11791918
   -0.04301383   -0.08899948   -0.15397489    0.00000003   12.90863614   -0.07938709   -0.13423053   -0.28847518
   -0.14428262   -0.16662683   -0.12660317    0.00000002   12.91300815   -0.26629055   -0.25130943   -0.13538478
   -0.14554543   -0.16994729   -0.12419757    0.00000003   12.91241936   -0.26862121   -0.25631741   -0.12906926
   -0.02225228   -0.06520420    0.00304052    0.00000002   12.90289055   -0.04106921   -0.09834208    0.02729085
    0.02878641   -0.06078360   -0.00299189    0.00000003   12.90493226    0.05312872   -0.09167486   -0.03329483
   -0.03526212   -0.07598978    0.09395324    0.00000002   12.92102213   -0.06508040   -0.11460909    0.23351869
   -0.05041759   -0.08217341    0.11375494    0.00000002   12.91889697   -0.09305160   -0.12393535    0.28995500
   -0.09431554   -0.00771214    0.01326697    0.00000002   12.92028370   -0.17407043   -0.01163158    0.11648212
   -0.04453467   -0.08793221   -0.14177956    0.00000002   12.90814013   -0.08219397   -0.13262086   -0.26102080
   -0.02079133   -0.06607704    0.00302601    0.00000000   12.90246334   -0.03837284   -0.09965852    0.02589424
   -0.15910467   -0.19034879   -0.11210310    0.00000003   12.91253045   -0.29364638   -0.28708729   -0.09057724
   -0.06030654   -0.03087096    0.00656673    0.00000001   12.91510827   -0.11130282   -0.04656011    0.07038942
   -0.07166254   -0.02415210    0.00961812    0.00000003   12.91714026   -0.13226165   -0.03642661    0.08751814
   -0.04874438   -0.08018416    0.10339149    0.00000002   12.91956063   -0.08996349   -0.12093513    0.26626863
   -0.04827193   -0.08294730    0.12319865    0.00000001   12.91864147   -0.08909153   -0.12510254    0.30810836
   -0.15233408   -0.18212841   -0.11660772    0.00000003   12.91179332   -0.28115047   -0.27468918   -0.10652186
   -0.04037412   -0.08909006   -0.15906266    0.00000003   12.90939542   -0.07451518   -0.13436716   -0.30180327
   -0.04323855   -0.08897324   -0.15334958    0.00000002   12.90856751   -0.07980182   -0.13419097   -0.28693032
    0.03260887   -0.05777041   -0.00294220    0.00000002   12.90621762    0.06018351   -0.08713032   -0.03676182
