36
0
4
   1   0   0   0   1   0   0   0   1   -0.00000   -0.00000   -0.00000     1.0000000     0.0000000     0.0000000     0.0000000     0.0000000     0.0000000     1.0000000     0.0000000
  -1   0   0   0  -1   0   0   0  -1    0.00000    0.00000    0.00000     1.0000000     0.0000000     0.0000000     0.0000000     0.0000000     0.0000000     1.0000000     0.0000000
  -1   0   0   0   1   0   0   0  -1    0.00000    0.50000    0.50000     0.0000000     0.0000000    -1.0000000     0.0000000     1.0000000     0.0000000     0.0000000     0.0000000
   1   0   0   0  -1   0   0   0   1    0.00000    0.50000    0.50000     0.0000000     0.0000000    -1.0000000     0.0000000     1.0000000     0.0000000     0.0000000     0.0000000
8
           0.0           0.0           0.0
          -0.5           0.5           0.5
          -0.5           0.0           0.5
           0.0           0.0           0.5
           0.0           0.5           0.5
          -0.5           0.5           0.0
           0.0           0.5           0.0
          -0.5           0.0           0.0
4
1  2  3  4  
1    2      0.000000   2.00000   0.00000  -2.00000   0.00000  -0.00000   0.00000   0.00000   0.00000
3    1      0.000000   1.00000   0.00000  -1.00000   0.00000  -1.00000   0.00000   1.00000   0.00000
4    1      7.052277   1.00000   0.00000   1.00000   0.00000  -1.00000   0.00000  -1.00000   0.00000
5    1      7.486441   1.00000   0.00000  -1.00000   0.00000  -1.00000   0.00000   1.00000   0.00000
6    1      8.461059   1.00000   0.00000   1.00000   0.00000   1.00000   0.00000   1.00000   0.00000
7    1      8.749195   1.00000   0.00000  -1.00000   0.00000   1.00000   0.00000  -1.00000   0.00000
8    1      9.541236   1.00000   0.00000  -1.00000   0.00000   1.00000   0.00000  -1.00000   0.00000
9    1     10.412266   1.00000   0.00000   1.00000   0.00000  -1.00000   0.00000  -1.00000   0.00000
10   1     10.690149   1.00000   0.00000   1.00000   0.00000   1.00000   0.00000   1.00000   0.00000
11   1     14.100066   1.00000   0.00000   1.00000   0.00000   1.00000   0.00000   1.00000   0.00000
12   1     14.629386   1.00000   0.00000  -1.00000   0.00000   1.00000   0.00000  -1.00000   0.00000
13   1     15.144660   1.00000   0.00000  -1.00000   0.00000  -1.00000   0.00000   1.00000   0.00000
14   1     15.764017   1.00000   0.00000   1.00000   0.00000  -1.00000   0.00000  -1.00000   0.00000
15   1     19.443572   1.00000   0.00000  -1.00000   0.00000  -1.00000   0.00000   1.00000   0.00000
16   1     20.320962   1.00000   0.00000   1.00000   0.00000   1.00000   0.00000   1.00000   0.00000
17   1     23.987313   1.00000   0.00000  -1.00000   0.00000   1.00000   0.00000  -1.00000   0.00000
18   1     25.705544   1.00000   0.00000   1.00000   0.00000  -1.00000   0.00000  -1.00000   0.00000
19   1     30.915198   1.00000   0.00000   1.00000   0.00000  -1.00000   0.00000  -1.00000   0.00000
20   1     31.013232   1.00000   0.00000  -1.00000   0.00000   1.00000   0.00000  -1.00000   0.00000
21   1     31.358375   1.00000   0.00000   1.00000   0.00000   1.00000   0.00000   1.00000   0.00000
22   1     32.956157   1.00000   0.00000  -1.00000   0.00000  -1.00000   0.00000   1.00000   0.00000
23   1     33.727691   1.00000   0.00000  -1.00000   0.00000  -1.00000   0.00000   1.00000   0.00000
24   1     34.339299   1.00000   0.00000   1.00000   0.00000   1.00000   0.00000   1.00000   0.00000
25   1     35.357447   1.00000   0.00000  -1.00000   0.00000   1.00000   0.00000  -1.00000   0.00000
26   1     36.668146   1.00000   0.00000   1.00000   0.00000  -1.00000   0.00000  -1.00000   0.00000
27   1     49.181254   1.00000   0.00000  -1.00000   0.00000   1.00000   0.00000  -1.00000   0.00000
28   1     50.196018   1.00000   0.00000   1.00000   0.00000   1.00000   0.00000   1.00000   0.00000
29   1     53.358502   1.00000   0.00000   1.00000   0.00000   1.00000   0.00000   1.00000   0.00000
30   1     53.377694   1.00000   0.00000   1.00000   0.00000  -1.00000   0.00000  -1.00000   0.00000
31   1     53.653284   1.00000   0.00000  -1.00000   0.00000  -1.00000   0.00000   1.00000   0.00000
32   1     54.340720   1.00000   0.00000   1.00000   0.00000  -1.00000   0.00000  -1.00000   0.00000
33   1     54.371951   1.00000   0.00000  -1.00000   0.00000   1.00000   0.00000  -1.00000   0.00000
34   1     55.507040   1.00000   0.00000   1.00000   0.00000   1.00000   0.00000   1.00000   0.00000
35   1     56.454481   1.00000   0.00000  -1.00000   0.00000  -1.00000   0.00000   1.00000   0.00000
36   1     58.562403   1.00000   0.00000   1.00000   0.00000  -1.00000   0.00000  -1.00000   0.00000
4
1  2  3  4  
1    2      5.184138   2.00000   0.00000  -2.00000   0.00000   0.00000   0.00000   0.00000   0.00000
3    2      7.662968   2.00000   0.00000   2.00000  -0.00000   0.00000  -0.00000   0.00000  -0.00000
5    2      8.629403   2.00000   0.00000  -2.00000   0.00000  -0.00000  -0.00000   0.00000  -0.00000
7    2      9.196563   2.00000   0.00000  -2.00000   0.00000   0.00000   0.00000  -0.00000  -0.00000
9    2     10.272599   2.00000   0.00000   2.00000  -0.00000   0.00000   0.00000   0.00000  -0.00000
11   2     15.086710   2.00000   0.00000  -2.00000   0.00000   0.00000   0.00000   0.00000   0.00000
13   2     15.224294   2.00000   0.00000   2.00000  -0.00000   0.00000   0.00000   0.00000   0.00000
15   2     23.082089   2.00000   0.00000   2.00000  -0.00000   0.00000  -0.00000   0.00000  -0.00000
17   2     23.337804   2.00000   0.00000  -2.00000   0.00000   0.00000  -0.00000   0.00000   0.00000
19   2     31.461294   2.00000   0.00000  -2.00000   0.00000   0.00000  -0.00000   0.00000   0.00000
21   2     31.821328   2.00000   0.00000   2.00000  -0.00000   0.00000   0.00000   0.00000  -0.00000
23   2     34.474577   2.00000   0.00000  -2.00000   0.00000   0.00000   0.00000   0.00000   0.00000
25   2     35.875473   2.00000   0.00000   2.00000  -0.00000   0.00000   0.00000   0.00000   0.00000
27   2     51.266289   2.00000   0.00000  -2.00000   0.00000   0.00000  -0.00000   0.00000   0.00000
29   2     52.247465   2.00000   0.00000   2.00000  -0.00000   0.00000   0.00000   0.00000   0.00000
31   2     53.756128   2.00000   0.00000   2.00000  -0.00000   0.00000   0.00000   0.00000   0.00000
33   2     54.848988   2.00000   0.00000  -2.00000   0.00000   0.00000  -0.00000   0.00000   0.00000
35   2     58.192401   2.00000   0.00000   2.00000  -0.00000   0.00000   0.00000   0.00000  -0.00000
4
1  2  3  4  
1    2      6.183454   2.00000   0.00000   0.00000  -0.00000  -0.00000   0.00000   0.00000  -0.00000
3    2      7.852612   2.00000   0.00000  -0.00000  -0.00000   0.00000  -0.00000  -0.00000  -0.00000
5    2      8.345581   2.00000   0.00000  -0.00000  -0.00000  -0.00000  -0.00000  -0.00000  -0.00000
7    2      9.804117   2.00000   0.00000   0.00000  -0.00000  -0.00000   0.00000  -0.00000   0.00000
9    2     10.360540   2.00000   0.00000   0.00000  -0.00000   0.00000   0.00000  -0.00000  -0.00000
11   2     15.326878   2.00000   0.00000  -0.00000   0.00000   0.00000  -0.00000   0.00000   0.00000
13   2     17.573078   2.00000   0.00000   0.00000  -0.00000  -0.00000  -0.00000   0.00000   0.00000
15   2     19.824931   2.00000   0.00000   0.00000  -0.00000   0.00000   0.00000  -0.00000   0.00000
17   2     22.844103   2.00000   0.00000   0.00000   0.00000   0.00000   0.00000   0.00000   0.00000
19   2     30.227068   2.00000   0.00000  -0.00000  -0.00000   0.00000  -0.00000   0.00000  -0.00000
21   2     31.988680   2.00000   0.00000  -0.00000  -0.00000  -0.00000   0.00000   0.00000  -0.00000
23   2     34.917518   2.00000   0.00000  -0.00000   0.00000   0.00000   0.00000  -0.00000   0.00000
25   2     35.041055   2.00000   0.00000   0.00000  -0.00000  -0.00000  -0.00000  -0.00000  -0.00000
27   2     49.365877   2.00000   0.00000   0.00000   0.00000  -0.00000  -0.00000   0.00000   0.00000
29   2     53.249186   2.00000   0.00000  -0.00000  -0.00000   0.00000   0.00000   0.00000  -0.00000
31   2     53.781680   2.00000   0.00000   0.00000   0.00000   0.00000   0.00000  -0.00000   0.00000
33   2     54.953121   2.00000   0.00000   0.00000   0.00000  -0.00000  -0.00000   0.00000   0.00000
35   2     57.892349   2.00000   0.00000   0.00000   0.00000   0.00000   0.00000   0.00000  -0.00000
4
1  2  3  4  
1    2      5.734015   2.00000   0.00000   0.00000  -0.00000  -0.00000   0.00000   0.00000  -0.00000
3    2      6.881552   2.00000   0.00000  -0.00000  -0.00000  -0.00000  -0.00000  -0.00000  -0.00000
5    2      8.205294   2.00000   0.00000  -0.00000  -0.00000  -0.00000  -0.00000  -0.00000   0.00000
7    2      9.734538   2.00000   0.00000   0.00000  -0.00000   0.00000   0.00000   0.00000   0.00000
9    2     10.164535   2.00000   0.00000  -0.00000   0.00000   0.00000   0.00000   0.00000  -0.00000
11   2     14.341833   2.00000   0.00000  -0.00000   0.00000   0.00000  -0.00000  -0.00000  -0.00000
13   2     16.571617   2.00000   0.00000  -0.00000  -0.00000   0.00000   0.00000  -0.00000   0.00000
15   2     20.072501   2.00000   0.00000  -0.00000   0.00000   0.00000   0.00000  -0.00000   0.00000
17   2     23.162715   2.00000   0.00000  -0.00000   0.00000  -0.00000  -0.00000   0.00000   0.00000
19   2     30.780578   2.00000   0.00000   0.00000   0.00000  -0.00000   0.00000   0.00000  -0.00000
21   2     32.072443   2.00000   0.00000   0.00000  -0.00000   0.00000   0.00000   0.00000   0.00000
23   2     34.744649   2.00000   0.00000  -0.00000   0.00000   0.00000  -0.00000  -0.00000   0.00000
25   2     35.226695   2.00000   0.00000  -0.00000  -0.00000   0.00000   0.00000  -0.00000  -0.00000
27   2     49.875819   2.00000   0.00000  -0.00000  -0.00000   0.00000   0.00000  -0.00000  -0.00000
29   2     53.355811   2.00000   0.00000  -0.00000   0.00000  -0.00000  -0.00000   0.00000   0.00000
31   2     53.795170   2.00000   0.00000  -0.00000   0.00000   0.00000  -0.00000   0.00000   0.00000
33   2     54.630109   2.00000   0.00000  -0.00000  -0.00000  -0.00000   0.00000   0.00000  -0.00000
35   2     57.874173   2.00000   0.00000  -0.00000   0.00000   0.00000  -0.00000  -0.00000   0.00000
4
1  2  3  4  
1    2      6.832282   2.00000   0.00000   2.00000  -0.00000   0.00000  -0.00000   0.00000   0.00000
3    2      7.004680   2.00000   0.00000  -2.00000   0.00000   0.00000   0.00000   0.00000   0.00000
5    2      9.158488   2.00000   0.00000   2.00000  -0.00000   0.00000  -0.00000   0.00000  -0.00000
7    2      9.550373   2.00000   0.00000  -2.00000   0.00000   0.00000  -0.00000  -0.00000  -0.00000
9    2     10.879359   2.00000   0.00000  -2.00000   0.00000   0.00000  -0.00000   0.00000  -0.00000
11   2     13.824005   2.00000   0.00000   2.00000  -0.00000  -0.00000   0.00000  -0.00000   0.00000
13   2     16.455123   2.00000   0.00000   2.00000  -0.00000   0.00000   0.00000   0.00000   0.00000
15   2     23.187983   2.00000   0.00000  -2.00000   0.00000   0.00000   0.00000   0.00000   0.00000
17   2     23.520418   2.00000   0.00000   2.00000  -0.00000   0.00000  -0.00000   0.00000  -0.00000
19   2     30.319324   2.00000   0.00000  -2.00000   0.00000   0.00000   0.00000   0.00000   0.00000
21   2     32.173849   2.00000   0.00000   2.00000  -0.00000   0.00000  -0.00000   0.00000   0.00000
23   2     34.833197   2.00000   0.00000  -2.00000   0.00000   0.00000   0.00000  -0.00000  -0.00000
25   2     35.197373   2.00000   0.00000   2.00000  -0.00000   0.00000  -0.00000   0.00000  -0.00000
27   2     51.181360   2.00000   0.00000  -2.00000   0.00000   0.00000   0.00000   0.00000  -0.00000
29   2     51.307773   2.00000   0.00000   2.00000  -0.00000   0.00000   0.00000   0.00000   0.00000
31   2     53.652651   2.00000   0.00000  -2.00000   0.00000   0.00000   0.00000   0.00000   0.00000
33   2     55.327364   2.00000   0.00000   2.00000  -0.00000   0.00000   0.00000   0.00000   0.00000
35   2     57.642561   2.00000   0.00000  -2.00000   0.00000   0.00000   0.00000   0.00000  -0.00000
4
1  2  3  4  
1    2      6.024371   2.00000   0.00000  -0.00000   0.00000   0.00000  -0.00000   0.00000   0.00000
3    2      7.719082   2.00000   0.00000  -0.00000  -0.00000   0.00000  -0.00000  -0.00000  -0.00000
5    2      8.402353   2.00000   0.00000   0.00000   0.00000   0.00000  -0.00000   0.00000  -0.00000
7    2      9.318785   2.00000   0.00000  -0.00000  -0.00000   0.00000   0.00000   0.00000  -0.00000
9    2     10.050310   2.00000   0.00000   0.00000   0.00000   0.00000   0.00000  -0.00000   0.00000
11   2     14.935587   2.00000   0.00000   0.00000  -0.00000   0.00000   0.00000  -0.00000   0.00000
13   2     18.099509   2.00000   0.00000   0.00000   0.00000   0.00000  -0.00000   0.00000   0.00000
15   2     19.391983   2.00000   0.00000  -0.00000   0.00000   0.00000   0.00000   0.00000  -0.00000
17   2     24.329531   2.00000   0.00000   0.00000   0.00000   0.00000  -0.00000  -0.00000  -0.00000
19   2     30.082504   2.00000   0.00000   0.00000   0.00000   0.00000   0.00000  -0.00000   0.00000
21   2     33.190534   2.00000   0.00000  -0.00000   0.00000   0.00000  -0.00000   0.00000   0.00000
23   2     34.771776   2.00000   0.00000  -0.00000  -0.00000   0.00000   0.00000   0.00000   0.00000
25   2     35.951140   2.00000   0.00000   0.00000  -0.00000  -0.00000   0.00000  -0.00000  -0.00000
27   2     50.819851   2.00000   0.00000  -0.00000  -0.00000   0.00000   0.00000   0.00000  -0.00000
29   2     52.686291   2.00000   0.00000   0.00000   0.00000   0.00000   0.00000  -0.00000   0.00000
31   2     53.608055   2.00000   0.00000  -0.00000  -0.00000   0.00000  -0.00000   0.00000   0.00000
33   2     55.699276   2.00000   0.00000  -0.00000   0.00000   0.00000  -0.00000   0.00000  -0.00000
35   2     57.252461   2.00000   0.00000  -0.00000  -0.00000   0.00000  -0.00000   0.00000  -0.00000
4
1  2  3  4  
1    2      6.666504   2.00000   0.00000   0.00000   0.00000  -0.00000  -0.00000   0.00000  -0.00000
3    2      7.409001   2.00000   0.00000   0.00000  -0.00000   0.00000   0.00000  -0.00000   0.00000
5    2      8.369361   2.00000   0.00000   0.00000  -0.00000   0.00000  -0.00000  -0.00000   0.00000
7    2      9.572207   2.00000   0.00000  -0.00000  -0.00000  -0.00000   0.00000  -0.00000  -0.00000
9    2     10.201619   2.00000   0.00000   0.00000   0.00000   0.00000  -0.00000   0.00000  -0.00000
11   2     15.517055   2.00000   0.00000  -0.00000  -0.00000   0.00000  -0.00000   0.00000   0.00000
13   2     18.025566   2.00000   0.00000  -0.00000   0.00000   0.00000   0.00000  -0.00000   0.00000
15   2     19.397054   2.00000   0.00000   0.00000  -0.00000   0.00000  -0.00000   0.00000   0.00000
17   2     24.684718   2.00000   0.00000  -0.00000  -0.00000  -0.00000  -0.00000   0.00000  -0.00000
19   2     29.057214   2.00000   0.00000   0.00000  -0.00000   0.00000   0.00000  -0.00000   0.00000
21   2     33.648118   2.00000   0.00000   0.00000   0.00000   0.00000   0.00000  -0.00000  -0.00000
23   2     34.773252   2.00000   0.00000  -0.00000  -0.00000   0.00000  -0.00000   0.00000   0.00000
25   2     35.170233   2.00000   0.00000   0.00000  -0.00000   0.00000   0.00000  -0.00000  -0.00000
27   2     50.544435   2.00000   0.00000  -0.00000   0.00000   0.00000  -0.00000   0.00000  -0.00000
29   2     51.983109   2.00000   0.00000   0.00000  -0.00000  -0.00000   0.00000  -0.00000   0.00000
31   2     53.547526   2.00000   0.00000   0.00000   0.00000   0.00000   0.00000   0.00000  -0.00000
33   2     55.284925   2.00000   0.00000  -0.00000  -0.00000   0.00000   0.00000   0.00000  -0.00000
35   2     57.821629   2.00000   0.00000   0.00000   0.00000   0.00000  -0.00000   0.00000  -0.00000
4
1  2  3  4  
1    1      4.261680   1.00000   0.00000   1.00000   0.00000  -1.00000  -0.00000  -1.00000  -0.00000
2    1      6.450414   1.00000   0.00000  -1.00000  -0.00000  -1.00000  -0.00000   1.00000   0.00000
3    1      6.502822   1.00000   0.00000   1.00000   0.00000   1.00000   0.00000   1.00000   0.00000
4    1      7.020885   1.00000   0.00000  -1.00000  -0.00000   1.00000   0.00000  -1.00000   0.00000
5    1      8.255321   1.00000   0.00000   1.00000   0.00000  -1.00000  -0.00000  -1.00000   0.00000
6    1      8.730585   1.00000   0.00000   1.00000   0.00000   1.00000   0.00000   1.00000   0.00000
7    1      9.703096   1.00000   0.00000  -1.00000  -0.00000   1.00000   0.00000  -1.00000   0.00000
8    1     10.104862   1.00000   0.00000  -1.00000  -0.00000   1.00000   0.00000  -1.00000   0.00000
9    1     10.903350   1.00000   0.00000  -1.00000  -0.00000  -1.00000  -0.00000   1.00000   0.00000
10   1     11.466407   1.00000   0.00000  -1.00000  -0.00000  -1.00000  -0.00000   1.00000   0.00000
11   1     12.639435   1.00000   0.00000   1.00000   0.00000   1.00000   0.00000   1.00000  -0.00000
12   1     14.492013   1.00000   0.00000   1.00000   0.00000  -1.00000  -0.00000  -1.00000  -0.00000
13   1     16.217981   1.00000   0.00000   1.00000   0.00000   1.00000   0.00000   1.00000  -0.00000
14   1     16.255994   1.00000   0.00000   1.00000   0.00000  -1.00000  -0.00000  -1.00000   0.00000
15   1     21.295977   1.00000   0.00000  -1.00000  -0.00000  -1.00000  -0.00000   1.00000   0.00000
16   1     21.665980   1.00000   0.00000  -1.00000  -0.00000   1.00000   0.00000  -1.00000   0.00000
17   1     22.034656   1.00000   0.00000   1.00000   0.00000   1.00000   0.00000   1.00000   0.00000
18   1     24.518630   1.00000   0.00000   1.00000   0.00000  -1.00000  -0.00000  -1.00000  -0.00000
19   1     30.130510   1.00000   0.00000  -1.00000  -0.00000  -1.00000  -0.00000   1.00000   0.00000
20   1     30.215277   1.00000   0.00000   1.00000   0.00000  -1.00000  -0.00000  -1.00000   0.00000
21   1     31.104433   1.00000   0.00000  -1.00000  -0.00000   1.00000   0.00000  -1.00000  -0.00000
22   1     32.892417   1.00000   0.00000   1.00000   0.00000   1.00000   0.00000   1.00000   0.00000
23   1     34.514561   1.00000   0.00000   1.00000   0.00000   1.00000   0.00000   1.00000   0.00000
24   1     34.983886   1.00000   0.00000   1.00000   0.00000  -1.00000  -0.00000  -1.00000   0.00000
25   1     34.996929   1.00000   0.00000  -1.00000  -0.00000  -1.00000  -0.00000   1.00000   0.00000
26   1     35.479546   1.00000   0.00000  -1.00000  -0.00000   1.00000   0.00000  -1.00000   0.00000
27   1     48.798035   1.00000   0.00000  -1.00000  -0.00000  -1.00000  -0.00000   1.00000   0.00000
28   1     50.279099   1.00000   0.00000   1.00000   0.00000  -1.00000  -0.00000  -1.00000   0.00000
29   1     53.278186   1.00000   0.00000  -1.00000  -0.00000   1.00000   0.00000  -1.00000   0.00000
30   1     53.456882   1.00000   0.00000   1.00000   0.00000   1.00000   0.00000   1.00000   0.00000
31   1     53.596475   1.00000   0.00000  -1.00000  -0.00000  -1.00000  -0.00000   1.00000  -0.00000
32   1     54.415060   1.00000   0.00000  -1.00000  -0.00000   1.00000   0.00000  -1.00000   0.00000
33   1     54.670924   1.00000   0.00000   1.00000   0.00000  -1.00000  -0.00000  -1.00000   0.00000
34   1     55.143274   1.00000   0.00000  -1.00000  -0.00000  -1.00000  -0.00000   1.00000   0.00000
35   1     55.881382   1.00000   0.00000   1.00000   0.00000   1.00000   0.00000   1.00000  -0.00000
36   1     58.662544   1.00000   0.00000  -1.00000  -0.00000   1.00000   0.00000  -1.00000   0.00000
